#Lines starting with a hash, are ignored
problemData
maxChainLength,6
maxCycleLength,3
cycleBonus,0
endProblemData
rootNodes,5
r0
r1
r2
r3
r4
endRootNodes
pairedNodes,95
p5
p6
p7
p8
p9
p10
p11
p12
p13
p14
p15
p16
p17
p18
p19
p20
p21
p22
p23
p24
p25
p26
p27
p28
p29
p30
p31
p32
p33
p34
p35
p36
p37
p38
p39
p40
p41
p42
p43
p44
p45
p46
p47
p48
p49
p50
p51
p52
p53
p54
p55
p56
p57
p58
p59
p60
p61
p62
p63
p64
p65
p66
p67
p68
p69
p70
p71
p72
p73
p74
p75
p76
p77
p78
p79
p80
p81
p82
p83
p84
p85
p86
p87
p88
p89
p90
p91
p92
p93
p94
p95
p96
p97
p98
p99
endPairedNodes
terminalNodes,5
t100
t101
t102
t103
t104
endTerminalNodes
edges,3710
e0,r0,p6,1
e1,r0,p18,1
e2,r0,p24,1
e3,r0,p26,1
e4,r0,p31,1
e5,r0,p33,1
e6,r0,p34,1
e7,r0,p40,1
e8,r0,p47,1
e9,r0,p49,1
e10,r0,p50,1
e11,r0,p52,1
e12,r0,p53,1
e13,r0,p54,1
e14,r0,p56,1
e15,r0,p59,1
e16,r0,p61,1
e17,r0,p71,1
e18,r0,p76,1
e19,r0,p78,1
e20,r0,p79,1
e21,r0,p80,1
e22,r0,p86,1
e23,r0,t100,1
e24,r0,t101,1
e25,r0,t102,1
e26,r0,t103,1
e27,r0,t104,1
e28,r1,p6,1
e29,r1,p12,1
e30,r1,p23,1
e31,r1,p24,1
e32,r1,p26,1
e33,r1,p30,1
e34,r1,p31,1
e35,r1,p33,1
e36,r1,p34,1
e37,r1,p40,1
e38,r1,p41,1
e39,r1,p47,1
e40,r1,p50,1
e41,r1,p51,1
e42,r1,p53,1
e43,r1,p54,1
e44,r1,p56,1
e45,r1,p59,1
e46,r1,p60,1
e47,r1,p61,1
e48,r1,p71,1
e49,r1,p76,1
e50,r1,p79,1
e51,r1,p80,1
e52,r1,p84,1
e53,r1,p86,1
e54,r1,p91,1
e55,r1,t100,1
e56,r1,t101,1
e57,r1,t102,1
e58,r1,t103,1
e59,r1,t104,1
e60,r2,p6,1
e61,r2,p12,1
e62,r2,p18,1
e63,r2,p23,1
e64,r2,p25,1
e65,r2,p33,1
e66,r2,p34,1
e67,r2,p41,1
e68,r2,p47,1
e69,r2,p49,1
e70,r2,p50,1
e71,r2,p51,1
e72,r2,p52,1
e73,r2,p53,1
e74,r2,p54,1
e75,r2,p56,1
e76,r2,p60,1
e77,r2,p71,1
e78,r2,p76,1
e79,r2,p78,1
e80,r2,p79,1
e81,r2,p84,1
e82,r2,t100,1
e83,r2,t101,1
e84,r2,t102,1
e85,r2,t103,1
e86,r2,t104,1
e87,r3,p5,1
e88,r3,p6,1
e89,r3,p12,1
e90,r3,p18,1
e91,r3,p23,1
e92,r3,p24,1
e93,r3,p30,1
e94,r3,p31,1
e95,r3,p33,1
e96,r3,p34,1
e97,r3,p50,1
e98,r3,p52,1
e99,r3,p53,1
e100,r3,p54,1
e101,r3,p56,1
e102,r3,p61,1
e103,r3,p71,1
e104,r3,p73,1
e105,r3,p76,1
e106,r3,p78,1
e107,r3,p79,1
e108,r3,p91,1
e109,r3,p99,1
e110,r3,t100,1
e111,r3,t101,1
e112,r3,t102,1
e113,r3,t103,1
e114,r3,t104,1
e115,r4,p5,1
e116,r4,p6,1
e117,r4,p7,1
e118,r4,p9,1
e119,r4,p13,1
e120,r4,p17,1
e121,r4,p19,1
e122,r4,p23,1
e123,r4,p26,1
e124,r4,p27,1
e125,r4,p28,1
e126,r4,p31,1
e127,r4,p33,1
e128,r4,p34,1
e129,r4,p39,1
e130,r4,p42,1
e131,r4,p43,1
e132,r4,p45,1
e133,r4,p46,1
e134,r4,p51,1
e135,r4,p53,1
e136,r4,p54,1
e137,r4,p55,1
e138,r4,p56,1
e139,r4,p60,1
e140,r4,p62,1
e141,r4,p66,1
e142,r4,p69,1
e143,r4,p71,1
e144,r4,p72,1
e145,r4,p73,1
e146,r4,p74,1
e147,r4,p77,1
e148,r4,p78,1
e149,r4,p79,1
e150,r4,p81,1
e151,r4,p82,1
e152,r4,p84,1
e153,r4,p89,1
e154,r4,p90,1
e155,r4,p91,1
e156,r4,p93,1
e157,r4,p96,1
e158,r4,t100,1
e159,r4,t101,1
e160,r4,t102,1
e161,r4,t103,1
e162,r4,t104,1
e163,p5,p12,1
e164,p5,p18,1
e165,p5,p23,1
e166,p5,p24,1
e167,p5,p31,1
e168,p5,p33,1
e169,p5,p34,1
e170,p5,p40,1
e171,p5,p49,1
e172,p5,p50,1
e173,p5,p51,1
e174,p5,p59,1
e175,p5,p71,1
e176,p5,p73,1
e177,p5,p76,1
e178,p5,p78,1
e179,p5,p79,1
e180,p5,p80,1
e181,p5,p84,1
e182,p5,p86,1
e183,p5,p91,1
e184,p5,t100,1
e185,p5,t101,1
e186,p5,t102,1
e187,p5,t103,1
e188,p5,t104,1
e189,p6,p5,1
e190,p6,p18,1
e191,p6,p23,1
e192,p6,p24,1
e193,p6,p26,1
e194,p6,p30,1
e195,p6,p31,1
e196,p6,p33,1
e197,p6,p49,1
e198,p6,p50,1
e199,p6,p51,1
e200,p6,p53,1
e201,p6,p56,1
e202,p6,p59,1
e203,p6,p60,1
e204,p6,p61,1
e205,p6,p71,1
e206,p6,p73,1
e207,p6,p76,1
e208,p6,p78,1
e209,p6,p79,1
e210,p6,p84,1
e211,p6,t100,1
e212,p6,t101,1
e213,p6,t102,1
e214,p6,t103,1
e215,p6,t104,1
e216,p7,p5,1
e217,p7,p6,1
e218,p7,p9,1
e219,p7,p11,1
e220,p7,p17,1
e221,p7,p18,1
e222,p7,p21,1
e223,p7,p23,1
e224,p7,p24,1
e225,p7,p25,1
e226,p7,p26,1
e227,p7,p28,1
e228,p7,p30,1
e229,p7,p31,1
e230,p7,p33,1
e231,p7,p34,1
e232,p7,p36,1
e233,p7,p38,1
e234,p7,p40,1
e235,p7,p42,1
e236,p7,p46,1
e237,p7,p47,1
e238,p7,p49,1
e239,p7,p50,1
e240,p7,p51,1
e241,p7,p53,1
e242,p7,p56,1
e243,p7,p60,1
e244,p7,p61,1
e245,p7,p62,1
e246,p7,p66,1
e247,p7,p68,1
e248,p7,p69,1
e249,p7,p71,1
e250,p7,p72,1
e251,p7,p74,1
e252,p7,p76,1
e253,p7,p77,1
e254,p7,p79,1
e255,p7,p80,1
e256,p7,p82,1
e257,p7,p83,1
e258,p7,p86,1
e259,p7,p87,1
e260,p7,p90,1
e261,p7,p94,1
e262,p7,p97,1
e263,p7,p98,1
e264,p7,t100,1
e265,p7,t101,1
e266,p7,t102,1
e267,p7,t103,1
e268,p7,t104,1
e269,p8,p6,1
e270,p8,p12,1
e271,p8,p17,1
e272,p8,p18,1
e273,p8,p19,1
e274,p8,p24,1
e275,p8,p25,1
e276,p8,p26,1
e277,p8,p27,1
e278,p8,p30,1
e279,p8,p31,1
e280,p8,p33,1
e281,p8,p35,1
e282,p8,p38,1
e283,p8,p39,1
e284,p8,p40,1
e285,p8,p41,1
e286,p8,p42,1
e287,p8,p45,1
e288,p8,p50,1
e289,p8,p51,1
e290,p8,p53,1
e291,p8,p55,1
e292,p8,p56,1
e293,p8,p60,1
e294,p8,p61,1
e295,p8,p62,1
e296,p8,p68,1
e297,p8,p72,1
e298,p8,p74,1
e299,p8,p76,1
e300,p8,p78,1
e301,p8,p79,1
e302,p8,p81,1
e303,p8,p84,1
e304,p8,p86,1
e305,p8,p87,1
e306,p8,p89,1
e307,p8,p90,1
e308,p8,p96,1
e309,p8,p98,1
e310,p8,t100,1
e311,p8,t101,1
e312,p8,t102,1
e313,p8,t103,1
e314,p8,t104,1
e315,p9,p6,1
e316,p9,p10,1
e317,p9,p15,1
e318,p9,p16,1
e319,p9,p17,1
e320,p9,p18,1
e321,p9,p20,1
e322,p9,p22,1
e323,p9,p25,1
e324,p9,p27,1
e325,p9,p31,1
e326,p9,p32,1
e327,p9,p33,1
e328,p9,p34,1
e329,p9,p35,1
e330,p9,p36,1
e331,p9,p37,1
e332,p9,p39,1
e333,p9,p41,1
e334,p9,p42,1
e335,p9,p43,1
e336,p9,p44,1
e337,p9,p46,1
e338,p9,p47,1
e339,p9,p48,1
e340,p9,p49,1
e341,p9,p50,1
e342,p9,p51,1
e343,p9,p53,1
e344,p9,p54,1
e345,p9,p60,1
e346,p9,p61,1
e347,p9,p62,1
e348,p9,p63,1
e349,p9,p67,1
e350,p9,p69,1
e351,p9,p70,1
e352,p9,p71,1
e353,p9,p72,1
e354,p9,p74,1
e355,p9,p75,1
e356,p9,p76,1
e357,p9,p77,1
e358,p9,p79,1
e359,p9,p81,1
e360,p9,p82,1
e361,p9,p86,1
e362,p9,p89,1
e363,p9,p90,1
e364,p9,p97,1
e365,p9,t100,1
e366,p9,t101,1
e367,p9,t102,1
e368,p9,t103,1
e369,p9,t104,1
e370,p10,p5,1
e371,p10,p6,1
e372,p10,p12,1
e373,p10,p15,1
e374,p10,p20,1
e375,p10,p23,1
e376,p10,p24,1
e377,p10,p26,1
e378,p10,p30,1
e379,p10,p31,1
e380,p10,p33,1
e381,p10,p40,1
e382,p10,p44,1
e383,p10,p50,1
e384,p10,p51,1
e385,p10,p54,1
e386,p10,p56,1
e387,p10,p58,1
e388,p10,p59,1
e389,p10,p61,1
e390,p10,p64,1
e391,p10,p70,1
e392,p10,p75,1
e393,p10,p76,1
e394,p10,p78,1
e395,p10,p79,1
e396,p10,p80,1
e397,p10,p84,1
e398,p10,p86,1
e399,p10,t100,1
e400,p10,t101,1
e401,p10,t102,1
e402,p10,t103,1
e403,p10,t104,1
e404,p11,p6,1
e405,p11,p8,1
e406,p11,p9,1
e407,p11,p12,1
e408,p11,p17,1
e409,p11,p24,1
e410,p11,p27,1
e411,p11,p30,1
e412,p11,p31,1
e413,p11,p33,1
e414,p11,p34,1
e415,p11,p38,1
e416,p11,p42,1
e417,p11,p45,1
e418,p11,p47,1
e419,p11,p49,1
e420,p11,p50,1
e421,p11,p52,1
e422,p11,p54,1
e423,p11,p56,1
e424,p11,p59,1
e425,p11,p62,1
e426,p11,p64,1
e427,p11,p66,1
e428,p11,p68,1
e429,p11,p69,1
e430,p11,p72,1
e431,p11,p73,1
e432,p11,p74,1
e433,p11,p76,1
e434,p11,p78,1
e435,p11,p79,1
e436,p11,p80,1
e437,p11,p82,1
e438,p11,p87,1
e439,p11,p91,1
e440,p11,p96,1
e441,p11,p97,1
e442,p11,t100,1
e443,p11,t101,1
e444,p11,t102,1
e445,p11,t103,1
e446,p11,t104,1
e447,p12,p6,1
e448,p12,p9,1
e449,p12,p17,1
e450,p12,p18,1
e451,p12,p19,1
e452,p12,p23,1
e453,p12,p24,1
e454,p12,p25,1
e455,p12,p26,1
e456,p12,p30,1
e457,p12,p31,1
e458,p12,p33,1
e459,p12,p35,1
e460,p12,p39,1
e461,p12,p40,1
e462,p12,p41,1
e463,p12,p42,1
e464,p12,p45,1
e465,p12,p47,1
e466,p12,p49,1
e467,p12,p50,1
e468,p12,p53,1
e469,p12,p54,1
e470,p12,p55,1
e471,p12,p59,1
e472,p12,p61,1
e473,p12,p62,1
e474,p12,p66,1
e475,p12,p68,1
e476,p12,p69,1
e477,p12,p71,1
e478,p12,p72,1
e479,p12,p74,1
e480,p12,p76,1
e481,p12,p78,1
e482,p12,p79,1
e483,p12,p81,1
e484,p12,p82,1
e485,p12,p86,1
e486,p12,p98,1
e487,p12,t100,1
e488,p12,t101,1
e489,p12,t102,1
e490,p12,t103,1
e491,p12,t104,1
e492,p13,p6,1
e493,p13,p12,1
e494,p13,p18,1
e495,p13,p23,1
e496,p13,p24,1
e497,p13,p25,1
e498,p13,p29,1
e499,p13,p30,1
e500,p13,p33,1
e501,p13,p34,1
e502,p13,p41,1
e503,p13,p47,1
e504,p13,p50,1
e505,p13,p51,1
e506,p13,p54,1
e507,p13,p61,1
e508,p13,p73,1
e509,p13,p76,1
e510,p13,p79,1
e511,p13,p80,1
e512,p13,p91,1
e513,p13,t100,1
e514,p13,t101,1
e515,p13,t102,1
e516,p13,t103,1
e517,p13,t104,1
e518,p14,p5,1
e519,p14,p6,1
e520,p14,p18,1
e521,p14,p25,1
e522,p14,p31,1
e523,p14,p33,1
e524,p14,p34,1
e525,p14,p40,1
e526,p14,p41,1
e527,p14,p47,1
e528,p14,p49,1
e529,p14,p50,1
e530,p14,p51,1
e531,p14,p53,1
e532,p14,p54,1
e533,p14,p59,1
e534,p14,p60,1
e535,p14,p71,1
e536,p14,p73,1
e537,p14,p76,1
e538,p14,p79,1
e539,p14,p80,1
e540,p14,p83,1
e541,p14,p86,1
e542,p14,p91,1
e543,p14,t100,1
e544,p14,t101,1
e545,p14,t102,1
e546,p14,t103,1
e547,p14,t104,1
e548,p15,p6,1
e549,p15,p18,1
e550,p15,p20,1
e551,p15,p23,1
e552,p15,p26,1
e553,p15,p31,1
e554,p15,p33,1
e555,p15,p37,1
e556,p15,p40,1
e557,p15,p41,1
e558,p15,p44,1
e559,p15,p47,1
e560,p15,p49,1
e561,p15,p50,1
e562,p15,p51,1
e563,p15,p52,1
e564,p15,p54,1
e565,p15,p56,1
e566,p15,p59,1
e567,p15,p60,1
e568,p15,p61,1
e569,p15,p73,1
e570,p15,p75,1
e571,p15,p76,1
e572,p15,p79,1
e573,p15,p84,1
e574,p15,t100,1
e575,p15,t101,1
e576,p15,t102,1
e577,p15,t103,1
e578,p15,t104,1
e579,p16,p12,1
e580,p16,p84,1
e581,p16,t100,1
e582,p16,t101,1
e583,p16,t102,1
e584,p16,t103,1
e585,p16,t104,1
e586,p17,p6,1
e587,p17,p18,1
e588,p17,p24,1
e589,p17,p26,1
e590,p17,p33,1
e591,p17,p40,1
e592,p17,p41,1
e593,p17,p47,1
e594,p17,p50,1
e595,p17,p52,1
e596,p17,p54,1
e597,p17,p56,1
e598,p17,p59,1
e599,p17,p73,1
e600,p17,p76,1
e601,p17,p78,1
e602,p17,p79,1
e603,p17,p80,1
e604,p17,p84,1
e605,p17,p91,1
e606,p17,t100,1
e607,p17,t101,1
e608,p17,t102,1
e609,p17,t103,1
e610,p17,t104,1
e611,p18,p5,1
e612,p18,p6,1
e613,p18,p12,1
e614,p18,p31,1
e615,p18,p47,1
e616,p18,p49,1
e617,p18,p50,1
e618,p18,p51,1
e619,p18,p54,1
e620,p18,p59,1
e621,p18,p60,1
e622,p18,p76,1
e623,p18,p78,1
e624,p18,p79,1
e625,p18,p80,1
e626,p18,p84,1
e627,p18,p86,1
e628,p18,t100,1
e629,p18,t101,1
e630,p18,t102,1
e631,p18,t103,1
e632,p18,t104,1
e633,p19,p6,1
e634,p19,p9,1
e635,p19,p13,1
e636,p19,p15,1
e637,p19,p17,1
e638,p19,p18,1
e639,p19,p22,1
e640,p19,p23,1
e641,p19,p26,1
e642,p19,p27,1
e643,p19,p28,1
e644,p19,p33,1
e645,p19,p34,1
e646,p19,p35,1
e647,p19,p36,1
e648,p19,p38,1
e649,p19,p42,1
e650,p19,p44,1
e651,p19,p46,1
e652,p19,p49,1
e653,p19,p50,1
e654,p19,p51,1
e655,p19,p55,1
e656,p19,p56,1
e657,p19,p57,1
e658,p19,p58,1
e659,p19,p59,1
e660,p19,p60,1
e661,p19,p61,1
e662,p19,p62,1
e663,p19,p63,1
e664,p19,p66,1
e665,p19,p67,1
e666,p19,p70,1
e667,p19,p72,1
e668,p19,p74,1
e669,p19,p75,1
e670,p19,p76,1
e671,p19,p79,1
e672,p19,p80,1
e673,p19,p81,1
e674,p19,p82,1
e675,p19,p84,1
e676,p19,p87,1
e677,p19,p89,1
e678,p19,p90,1
e679,p19,p91,1
e680,p19,p95,1
e681,p19,p96,1
e682,p19,p97,1
e683,p19,p99,1
e684,p19,t100,1
e685,p19,t101,1
e686,p19,t102,1
e687,p19,t103,1
e688,p19,t104,1
e689,p20,p6,1
e690,p20,p12,1
e691,p20,p23,1
e692,p20,p24,1
e693,p20,p25,1
e694,p20,p26,1
e695,p20,p31,1
e696,p20,p33,1
e697,p20,p49,1
e698,p20,p50,1
e699,p20,p52,1
e700,p20,p53,1
e701,p20,p54,1
e702,p20,p56,1
e703,p20,p61,1
e704,p20,p71,1
e705,p20,p73,1
e706,p20,p76,1
e707,p20,p79,1
e708,p20,p80,1
e709,p20,p84,1
e710,p20,p86,1
e711,p20,t100,1
e712,p20,t101,1
e713,p20,t102,1
e714,p20,t103,1
e715,p20,t104,1
e716,p21,p6,1
e717,p21,p9,1
e718,p21,p12,1
e719,p21,p17,1
e720,p21,p24,1
e721,p21,p26,1
e722,p21,p27,1
e723,p21,p28,1
e724,p21,p31,1
e725,p21,p33,1
e726,p21,p36,1
e727,p21,p38,1
e728,p21,p40,1
e729,p21,p41,1
e730,p21,p42,1
e731,p21,p46,1
e732,p21,p49,1
e733,p21,p50,1
e734,p21,p52,1
e735,p21,p53,1
e736,p21,p54,1
e737,p21,p56,1
e738,p21,p59,1
e739,p21,p60,1
e740,p21,p62,1
e741,p21,p66,1
e742,p21,p68,1
e743,p21,p72,1
e744,p21,p73,1
e745,p21,p74,1
e746,p21,p76,1
e747,p21,p78,1
e748,p21,p79,1
e749,p21,p80,1
e750,p21,p84,1
e751,p21,p86,1
e752,p21,p89,1
e753,p21,p90,1
e754,p21,p91,1
e755,p21,p96,1
e756,p21,p97,1
e757,p21,p98,1
e758,p21,t100,1
e759,p21,t101,1
e760,p21,t102,1
e761,p21,t103,1
e762,p21,t104,1
e763,p22,p6,1
e764,p22,p9,1
e765,p22,p12,1
e766,p22,p14,1
e767,p22,p17,1
e768,p22,p18,1
e769,p22,p21,1
e770,p22,p24,1
e771,p22,p27,1
e772,p22,p30,1
e773,p22,p31,1
e774,p22,p33,1
e775,p22,p36,1
e776,p22,p42,1
e777,p22,p46,1
e778,p22,p47,1
e779,p22,p49,1
e780,p22,p50,1
e781,p22,p51,1
e782,p22,p53,1
e783,p22,p54,1
e784,p22,p55,1
e785,p22,p59,1
e786,p22,p61,1
e787,p22,p62,1
e788,p22,p68,1
e789,p22,p69,1
e790,p22,p71,1
e791,p22,p72,1
e792,p22,p74,1
e793,p22,p76,1
e794,p22,p79,1
e795,p22,p81,1
e796,p22,p82,1
e797,p22,p89,1
e798,p22,p90,1
e799,p22,p91,1
e800,p22,p93,1
e801,p22,p96,1
e802,p22,p97,1
e803,p22,t100,1
e804,p22,t101,1
e805,p22,t102,1
e806,p22,t103,1
e807,p22,t104,1
e808,p23,p5,1
e809,p23,p28,1
e810,p23,p38,1
e811,p23,p62,1
e812,p23,p74,1
e813,p23,p78,1
e814,p23,t100,1
e815,p23,t101,1
e816,p23,t102,1
e817,p23,t103,1
e818,p23,t104,1
e819,p24,p6,1
e820,p24,p7,1
e821,p24,p8,1
e822,p24,p9,1
e823,p24,p12,1
e824,p24,p17,1
e825,p24,p18,1
e826,p24,p19,1
e827,p24,p25,1
e828,p24,p32,1
e829,p24,p33,1
e830,p24,p36,1
e831,p24,p39,1
e832,p24,p41,1
e833,p24,p42,1
e834,p24,p45,1
e835,p24,p47,1
e836,p24,p49,1
e837,p24,p50,1
e838,p24,p51,1
e839,p24,p52,1
e840,p24,p55,1
e841,p24,p60,1
e842,p24,p62,1
e843,p24,p69,1
e844,p24,p71,1
e845,p24,p74,1
e846,p24,p76,1
e847,p24,p77,1
e848,p24,p79,1
e849,p24,p80,1
e850,p24,p81,1
e851,p24,p84,1
e852,p24,p89,1
e853,p24,p97,1
e854,p24,t100,1
e855,p24,t101,1
e856,p24,t102,1
e857,p24,t103,1
e858,p24,t104,1
e859,p25,p5,1
e860,p25,p6,1
e861,p25,p12,1
e862,p25,p18,1
e863,p25,p19,1
e864,p25,p24,1
e865,p25,p26,1
e866,p25,p27,1
e867,p25,p28,1
e868,p25,p31,1
e869,p25,p33,1
e870,p25,p38,1
e871,p25,p39,1
e872,p25,p41,1
e873,p25,p42,1
e874,p25,p45,1
e875,p25,p49,1
e876,p25,p50,1
e877,p25,p51,1
e878,p25,p53,1
e879,p25,p54,1
e880,p25,p55,1
e881,p25,p56,1
e882,p25,p60,1
e883,p25,p61,1
e884,p25,p62,1
e885,p25,p66,1
e886,p25,p71,1
e887,p25,p72,1
e888,p25,p73,1
e889,p25,p74,1
e890,p25,p76,1
e891,p25,p77,1
e892,p25,p78,1
e893,p25,p79,1
e894,p25,p80,1
e895,p25,p81,1
e896,p25,p84,1
e897,p25,p87,1
e898,p25,p89,1
e899,p25,p90,1
e900,p25,p91,1
e901,p25,p95,1
e902,p25,p97,1
e903,p25,p98,1
e904,p25,t100,1
e905,p25,t101,1
e906,p25,t102,1
e907,p25,t103,1
e908,p25,t104,1
e909,p26,p5,1
e910,p26,p6,1
e911,p26,p8,1
e912,p26,p12,1
e913,p26,p25,1
e914,p26,p30,1
e915,p26,p31,1
e916,p26,p33,1
e917,p26,p40,1
e918,p26,p41,1
e919,p26,p47,1
e920,p26,p49,1
e921,p26,p50,1
e922,p26,p51,1
e923,p26,p52,1
e924,p26,p54,1
e925,p26,p56,1
e926,p26,p59,1
e927,p26,p60,1
e928,p26,p71,1
e929,p26,p73,1
e930,p26,p78,1
e931,p26,p79,1
e932,p26,p80,1
e933,p26,p84,1
e934,p26,p86,1
e935,p26,p91,1
e936,p26,t100,1
e937,p26,t101,1
e938,p26,t102,1
e939,p26,t103,1
e940,p26,t104,1
e941,p27,p5,1
e942,p27,p6,1
e943,p27,p12,1
e944,p27,p15,1
e945,p27,p18,1
e946,p27,p23,1
e947,p27,p24,1
e948,p27,p25,1
e949,p27,p33,1
e950,p27,p44,1
e951,p27,p47,1
e952,p27,p50,1
e953,p27,p51,1
e954,p27,p52,1
e955,p27,p58,1
e956,p27,p60,1
e957,p27,p61,1
e958,p27,p73,1
e959,p27,p76,1
e960,p27,p79,1
e961,p27,p80,1
e962,p27,p86,1
e963,p27,p91,1
e964,p27,t100,1
e965,p27,t101,1
e966,p27,t102,1
e967,p27,t103,1
e968,p27,t104,1
e969,p28,p5,1
e970,p28,p6,1
e971,p28,p12,1
e972,p28,p15,1
e973,p28,p18,1
e974,p28,p23,1
e975,p28,p25,1
e976,p28,p26,1
e977,p28,p33,1
e978,p28,p34,1
e979,p28,p44,1
e980,p28,p47,1
e981,p28,p49,1
e982,p28,p50,1
e983,p28,p51,1
e984,p28,p52,1
e985,p28,p53,1
e986,p28,p56,1
e987,p28,p58,1
e988,p28,p59,1
e989,p28,p71,1
e990,p28,p73,1
e991,p28,p76,1
e992,p28,p79,1
e993,p28,p84,1
e994,p28,p91,1
e995,p28,t100,1
e996,p28,t101,1
e997,p28,t102,1
e998,p28,t103,1
e999,p28,t104,1
e1000,p29,p5,1
e1001,p29,p6,1
e1002,p29,p10,1
e1003,p29,p15,1
e1004,p29,p16,1
e1005,p29,p17,1
e1006,p29,p20,1
e1007,p29,p22,1
e1008,p29,p23,1
e1009,p29,p25,1
e1010,p29,p28,1
e1011,p29,p33,1
e1012,p29,p35,1
e1013,p29,p38,1
e1014,p29,p39,1
e1015,p29,p41,1
e1016,p29,p42,1
e1017,p29,p43,1
e1018,p29,p44,1
e1019,p29,p45,1
e1020,p29,p46,1
e1021,p29,p47,1
e1022,p29,p48,1
e1023,p29,p49,1
e1024,p29,p50,1
e1025,p29,p51,1
e1026,p29,p52,1
e1027,p29,p53,1
e1028,p29,p55,1
e1029,p29,p56,1
e1030,p29,p58,1
e1031,p29,p60,1
e1032,p29,p61,1
e1033,p29,p62,1
e1034,p29,p66,1
e1035,p29,p67,1
e1036,p29,p69,1
e1037,p29,p71,1
e1038,p29,p72,1
e1039,p29,p74,1
e1040,p29,p75,1
e1041,p29,p76,1
e1042,p29,p77,1
e1043,p29,p79,1
e1044,p29,p80,1
e1045,p29,p81,1
e1046,p29,p84,1
e1047,p29,p87,1
e1048,p29,p88,1
e1049,p29,p90,1
e1050,p29,p96,1
e1051,p29,p97,1
e1052,p29,p98,1
e1053,p29,p99,1
e1054,p29,t100,1
e1055,p29,t101,1
e1056,p29,t102,1
e1057,p29,t103,1
e1058,p29,t104,1
e1059,p30,p6,1
e1060,p30,p9,1
e1061,p30,p17,1
e1062,p30,p19,1
e1063,p30,p23,1
e1064,p30,p24,1
e1065,p30,p25,1
e1066,p30,p28,1
e1067,p30,p31,1
e1068,p30,p33,1
e1069,p30,p34,1
e1070,p30,p35,1
e1071,p30,p38,1
e1072,p30,p42,1
e1073,p30,p47,1
e1074,p30,p50,1
e1075,p30,p51,1
e1076,p30,p54,1
e1077,p30,p56,1
e1078,p30,p60,1
e1079,p30,p61,1
e1080,p30,p62,1
e1081,p30,p66,1
e1082,p30,p69,1
e1083,p30,p72,1
e1084,p30,p74,1
e1085,p30,p76,1
e1086,p30,p77,1
e1087,p30,p78,1
e1088,p30,p79,1
e1089,p30,p80,1
e1090,p30,p81,1
e1091,p30,p86,1
e1092,p30,p87,1
e1093,p30,p89,1
e1094,p30,p97,1
e1095,p30,p98,1
e1096,p30,t100,1
e1097,p30,t101,1
e1098,p30,t102,1
e1099,p30,t103,1
e1100,p30,t104,1
e1101,p31,p6,1
e1102,p31,p9,1
e1103,p31,p12,1
e1104,p31,p17,1
e1105,p31,p18,1
e1106,p31,p23,1
e1107,p31,p24,1
e1108,p31,p25,1
e1109,p31,p26,1
e1110,p31,p32,1
e1111,p31,p33,1
e1112,p31,p35,1
e1113,p31,p36,1
e1114,p31,p38,1
e1115,p31,p40,1
e1116,p31,p41,1
e1117,p31,p42,1
e1118,p31,p45,1
e1119,p31,p50,1
e1120,p31,p52,1
e1121,p31,p53,1
e1122,p31,p54,1
e1123,p31,p56,1
e1124,p31,p61,1
e1125,p31,p62,1
e1126,p31,p66,1
e1127,p31,p68,1
e1128,p31,p69,1
e1129,p31,p71,1
e1130,p31,p72,1
e1131,p31,p73,1
e1132,p31,p74,1
e1133,p31,p76,1
e1134,p31,p79,1
e1135,p31,p82,1
e1136,p31,p84,1
e1137,p31,p86,1
e1138,p31,p87,1
e1139,p31,p90,1
e1140,p31,p92,1
e1141,p31,p93,1
e1142,p31,p97,1
e1143,p31,t100,1
e1144,p31,t101,1
e1145,p31,t102,1
e1146,p31,t103,1
e1147,p31,t104,1
e1148,p32,p5,1
e1149,p32,p6,1
e1150,p32,p18,1
e1151,p32,p23,1
e1152,p32,p24,1
e1153,p32,p25,1
e1154,p32,p26,1
e1155,p32,p33,1
e1156,p32,p34,1
e1157,p32,p40,1
e1158,p32,p47,1
e1159,p32,p49,1
e1160,p32,p50,1
e1161,p32,p52,1
e1162,p32,p53,1
e1163,p32,p54,1
e1164,p32,p56,1
e1165,p32,p61,1
e1166,p32,p76,1
e1167,p32,p79,1
e1168,p32,p80,1
e1169,p32,p91,1
e1170,p32,t100,1
e1171,p32,t101,1
e1172,p32,t102,1
e1173,p32,t103,1
e1174,p32,t104,1
e1175,p33,p6,1
e1176,p33,p24,1
e1177,p33,p30,1
e1178,p33,p34,1
e1179,p33,p40,1
e1180,p33,p41,1
e1181,p33,p49,1
e1182,p33,p50,1
e1183,p33,p56,1
e1184,p33,p61,1
e1185,p33,p71,1
e1186,p33,p73,1
e1187,p33,p76,1
e1188,p33,p78,1
e1189,p33,p79,1
e1190,p33,p80,1
e1191,p33,p86,1
e1192,p33,p91,1
e1193,p33,t100,1
e1194,p33,t101,1
e1195,p33,t102,1
e1196,p33,t103,1
e1197,p33,t104,1
e1198,p34,p5,1
e1199,p34,p6,1
e1200,p34,p12,1
e1201,p34,p17,1
e1202,p34,p18,1
e1203,p34,p23,1
e1204,p34,p24,1
e1205,p34,p27,1
e1206,p34,p28,1
e1207,p34,p30,1
e1208,p34,p33,1
e1209,p34,p39,1
e1210,p34,p40,1
e1211,p34,p41,1
e1212,p34,p42,1
e1213,p34,p46,1
e1214,p34,p50,1
e1215,p34,p51,1
e1216,p34,p52,1
e1217,p34,p56,1
e1218,p34,p61,1
e1219,p34,p62,1
e1220,p34,p71,1
e1221,p34,p72,1
e1222,p34,p73,1
e1223,p34,p74,1
e1224,p34,p76,1
e1225,p34,p77,1
e1226,p34,p78,1
e1227,p34,p79,1
e1228,p34,p80,1
e1229,p34,p81,1
e1230,p34,p82,1
e1231,p34,p84,1
e1232,p34,p86,1
e1233,p34,p87,1
e1234,p34,p96,1
e1235,p34,p98,1
e1236,p34,t100,1
e1237,p34,t101,1
e1238,p34,t102,1
e1239,p34,t103,1
e1240,p34,t104,1
e1241,p35,p5,1
e1242,p35,p6,1
e1243,p35,p8,1
e1244,p35,p12,1
e1245,p35,p14,1
e1246,p35,p18,1
e1247,p35,p19,1
e1248,p35,p23,1
e1249,p35,p24,1
e1250,p35,p26,1
e1251,p35,p27,1
e1252,p35,p28,1
e1253,p35,p33,1
e1254,p35,p34,1
e1255,p35,p41,1
e1256,p35,p42,1
e1257,p35,p45,1
e1258,p35,p46,1
e1259,p35,p50,1
e1260,p35,p52,1
e1261,p35,p54,1
e1262,p35,p55,1
e1263,p35,p56,1
e1264,p35,p59,1
e1265,p35,p60,1
e1266,p35,p61,1
e1267,p35,p62,1
e1268,p35,p68,1
e1269,p35,p71,1
e1270,p35,p72,1
e1271,p35,p73,1
e1272,p35,p74,1
e1273,p35,p76,1
e1274,p35,p79,1
e1275,p35,p81,1
e1276,p35,p84,1
e1277,p35,p87,1
e1278,p35,p89,1
e1279,p35,p90,1
e1280,p35,p91,1
e1281,p35,p96,1
e1282,p35,p98,1
e1283,p35,p99,1
e1284,p35,t100,1
e1285,p35,t101,1
e1286,p35,t102,1
e1287,p35,t103,1
e1288,p35,t104,1
e1289,p36,p5,1
e1290,p36,p6,1
e1291,p36,p9,1
e1292,p36,p11,1
e1293,p36,p12,1
e1294,p36,p19,1
e1295,p36,p25,1
e1296,p36,p26,1
e1297,p36,p27,1
e1298,p36,p28,1
e1299,p36,p29,1
e1300,p36,p31,1
e1301,p36,p32,1
e1302,p36,p33,1
e1303,p36,p35,1
e1304,p36,p38,1
e1305,p36,p40,1
e1306,p36,p42,1
e1307,p36,p43,1
e1308,p36,p45,1
e1309,p36,p46,1
e1310,p36,p47,1
e1311,p36,p49,1
e1312,p36,p50,1
e1313,p36,p51,1
e1314,p36,p52,1
e1315,p36,p54,1
e1316,p36,p56,1
e1317,p36,p59,1
e1318,p36,p60,1
e1319,p36,p61,1
e1320,p36,p62,1
e1321,p36,p68,1
e1322,p36,p69,1
e1323,p36,p72,1
e1324,p36,p73,1
e1325,p36,p74,1
e1326,p36,p76,1
e1327,p36,p77,1
e1328,p36,p78,1
e1329,p36,p79,1
e1330,p36,p80,1
e1331,p36,p82,1
e1332,p36,p84,1
e1333,p36,p86,1
e1334,p36,p87,1
e1335,p36,p90,1
e1336,p36,p95,1
e1337,p36,p96,1
e1338,p36,t100,1
e1339,p36,t101,1
e1340,p36,t102,1
e1341,p36,t103,1
e1342,p36,t104,1
e1343,p37,p5,1
e1344,p37,p6,1
e1345,p37,p9,1
e1346,p37,p17,1
e1347,p37,p23,1
e1348,p37,p25,1
e1349,p37,p26,1
e1350,p37,p27,1
e1351,p37,p28,1
e1352,p37,p30,1
e1353,p37,p31,1
e1354,p37,p33,1
e1355,p37,p34,1
e1356,p37,p36,1
e1357,p37,p40,1
e1358,p37,p41,1
e1359,p37,p42,1
e1360,p37,p45,1
e1361,p37,p46,1
e1362,p37,p47,1
e1363,p37,p49,1
e1364,p37,p50,1
e1365,p37,p51,1
e1366,p37,p52,1
e1367,p37,p54,1
e1368,p37,p56,1
e1369,p37,p60,1
e1370,p37,p61,1
e1371,p37,p62,1
e1372,p37,p68,1
e1373,p37,p71,1
e1374,p37,p72,1
e1375,p37,p73,1
e1376,p37,p74,1
e1377,p37,p76,1
e1378,p37,p79,1
e1379,p37,p80,1
e1380,p37,p84,1
e1381,p37,p86,1
e1382,p37,p87,1
e1383,p37,p91,1
e1384,p37,p96,1
e1385,p37,p97,1
e1386,p37,t100,1
e1387,p37,t101,1
e1388,p37,t102,1
e1389,p37,t103,1
e1390,p37,t104,1
e1391,p38,p6,1
e1392,p38,p7,1
e1393,p38,p9,1
e1394,p38,p17,1
e1395,p38,p24,1
e1396,p38,p28,1
e1397,p38,p30,1
e1398,p38,p33,1
e1399,p38,p34,1
e1400,p38,p35,1
e1401,p38,p36,1
e1402,p38,p39,1
e1403,p38,p42,1
e1404,p38,p45,1
e1405,p38,p49,1
e1406,p38,p50,1
e1407,p38,p51,1
e1408,p38,p52,1
e1409,p38,p53,1
e1410,p38,p55,1
e1411,p38,p59,1
e1412,p38,p62,1
e1413,p38,p66,1
e1414,p38,p68,1
e1415,p38,p69,1
e1416,p38,p72,1
e1417,p38,p73,1
e1418,p38,p74,1
e1419,p38,p76,1
e1420,p38,p79,1
e1421,p38,p81,1
e1422,p38,p83,1
e1423,p38,p84,1
e1424,p38,p87,1
e1425,p38,p90,1
e1426,p38,p91,1
e1427,p38,p96,1
e1428,p38,p97,1
e1429,p38,t100,1
e1430,p38,t101,1
e1431,p38,t102,1
e1432,p38,t103,1
e1433,p38,t104,1
e1434,p39,p6,1
e1435,p39,p10,1
e1436,p39,p12,1
e1437,p39,p13,1
e1438,p39,p15,1
e1439,p39,p16,1
e1440,p39,p18,1
e1441,p39,p22,1
e1442,p39,p23,1
e1443,p39,p24,1
e1444,p39,p25,1
e1445,p39,p26,1
e1446,p39,p30,1
e1447,p39,p31,1
e1448,p39,p33,1
e1449,p39,p34,1
e1450,p39,p35,1
e1451,p39,p36,1
e1452,p39,p38,1
e1453,p39,p40,1
e1454,p39,p42,1
e1455,p39,p44,1
e1456,p39,p45,1
e1457,p39,p46,1
e1458,p39,p47,1
e1459,p39,p49,1
e1460,p39,p50,1
e1461,p39,p51,1
e1462,p39,p54,1
e1463,p39,p55,1
e1464,p39,p56,1
e1465,p39,p57,1
e1466,p39,p58,1
e1467,p39,p59,1
e1468,p39,p60,1
e1469,p39,p61,1
e1470,p39,p62,1
e1471,p39,p63,1
e1472,p39,p67,1
e1473,p39,p69,1
e1474,p39,p70,1
e1475,p39,p71,1
e1476,p39,p72,1
e1477,p39,p73,1
e1478,p39,p74,1
e1479,p39,p76,1
e1480,p39,p77,1
e1481,p39,p79,1
e1482,p39,p81,1
e1483,p39,p83,1
e1484,p39,p86,1
e1485,p39,p87,1
e1486,p39,p90,1
e1487,p39,p91,1
e1488,p39,p97,1
e1489,p39,p98,1
e1490,p39,p99,1
e1491,p39,t100,1
e1492,p39,t101,1
e1493,p39,t102,1
e1494,p39,t103,1
e1495,p39,t104,1
e1496,p40,p5,1
e1497,p40,p6,1
e1498,p40,p12,1
e1499,p40,p15,1
e1500,p40,p24,1
e1501,p40,p25,1
e1502,p40,p26,1
e1503,p40,p30,1
e1504,p40,p31,1
e1505,p40,p33,1
e1506,p40,p34,1
e1507,p40,p44,1
e1508,p40,p47,1
e1509,p40,p50,1
e1510,p40,p52,1
e1511,p40,p53,1
e1512,p40,p54,1
e1513,p40,p58,1
e1514,p40,p70,1
e1515,p40,p71,1
e1516,p40,p73,1
e1517,p40,p75,1
e1518,p40,p76,1
e1519,p40,p78,1
e1520,p40,p79,1
e1521,p40,p80,1
e1522,p40,p84,1
e1523,p40,p94,1
e1524,p40,t100,1
e1525,p40,t101,1
e1526,p40,t102,1
e1527,p40,t103,1
e1528,p40,t104,1
e1529,p41,p5,1
e1530,p41,p6,1
e1531,p41,p12,1
e1532,p41,p15,1
e1533,p41,p16,1
e1534,p41,p17,1
e1535,p41,p18,1
e1536,p41,p20,1
e1537,p41,p23,1
e1538,p41,p26,1
e1539,p41,p28,1
e1540,p41,p30,1
e1541,p41,p31,1
e1542,p41,p33,1
e1543,p41,p34,1
e1544,p41,p38,1
e1545,p41,p39,1
e1546,p41,p40,1
e1547,p41,p42,1
e1548,p41,p44,1
e1549,p41,p45,1
e1550,p41,p46,1
e1551,p41,p50,1
e1552,p41,p51,1
e1553,p41,p52,1
e1554,p41,p53,1
e1555,p41,p56,1
e1556,p41,p59,1
e1557,p41,p62,1
e1558,p41,p65,1
e1559,p41,p67,1
e1560,p41,p68,1
e1561,p41,p70,1
e1562,p41,p72,1
e1563,p41,p73,1
e1564,p41,p74,1
e1565,p41,p75,1
e1566,p41,p76,1
e1567,p41,p77,1
e1568,p41,p79,1
e1569,p41,p82,1
e1570,p41,p85,1
e1571,p41,p86,1
e1572,p41,p87,1
e1573,p41,p90,1
e1574,p41,p96,1
e1575,p41,p98,1
e1576,p41,p99,1
e1577,p41,t100,1
e1578,p41,t101,1
e1579,p41,t102,1
e1580,p41,t103,1
e1581,p41,t104,1
e1582,p42,p5,1
e1583,p42,p6,1
e1584,p42,p10,1
e1585,p42,p14,1
e1586,p42,p15,1
e1587,p42,p16,1
e1588,p42,p18,1
e1589,p42,p19,1
e1590,p42,p24,1
e1591,p42,p25,1
e1592,p42,p26,1
e1593,p42,p28,1
e1594,p42,p30,1
e1595,p42,p32,1
e1596,p42,p33,1
e1597,p42,p34,1
e1598,p42,p39,1
e1599,p42,p40,1
e1600,p42,p44,1
e1601,p42,p49,1
e1602,p42,p50,1
e1603,p42,p51,1
e1604,p42,p52,1
e1605,p42,p54,1
e1606,p42,p55,1
e1607,p42,p56,1
e1608,p42,p59,1
e1609,p42,p60,1
e1610,p42,p62,1
e1611,p42,p66,1
e1612,p42,p67,1
e1613,p42,p68,1
e1614,p42,p70,1
e1615,p42,p71,1
e1616,p42,p73,1
e1617,p42,p74,1
e1618,p42,p76,1
e1619,p42,p79,1
e1620,p42,p80,1
e1621,p42,p81,1
e1622,p42,p82,1
e1623,p42,p86,1
e1624,p42,p90,1
e1625,p42,p91,1
e1626,p42,p96,1
e1627,p42,p97,1
e1628,p42,p98,1
e1629,p42,t100,1
e1630,p42,t101,1
e1631,p42,t102,1
e1632,p42,t103,1
e1633,p42,t104,1
e1634,p43,p6,1
e1635,p43,p17,1
e1636,p43,p24,1
e1637,p43,p25,1
e1638,p43,p26,1
e1639,p43,p28,1
e1640,p43,p31,1
e1641,p43,p33,1
e1642,p43,p34,1
e1643,p43,p36,1
e1644,p43,p38,1
e1645,p43,p40,1
e1646,p43,p41,1
e1647,p43,p42,1
e1648,p43,p45,1
e1649,p43,p46,1
e1650,p43,p49,1
e1651,p43,p50,1
e1652,p43,p51,1
e1653,p43,p53,1
e1654,p43,p54,1
e1655,p43,p57,1
e1656,p43,p60,1
e1657,p43,p61,1
e1658,p43,p62,1
e1659,p43,p72,1
e1660,p43,p73,1
e1661,p43,p74,1
e1662,p43,p76,1
e1663,p43,p79,1
e1664,p43,p80,1
e1665,p43,p82,1
e1666,p43,p84,1
e1667,p43,p87,1
e1668,p43,p89,1
e1669,p43,p91,1
e1670,p43,p96,1
e1671,p43,p97,1
e1672,p43,t100,1
e1673,p43,t101,1
e1674,p43,t102,1
e1675,p43,t103,1
e1676,p43,t104,1
e1677,p44,p6,1
e1678,p44,p12,1
e1679,p44,p18,1
e1680,p44,p23,1
e1681,p44,p24,1
e1682,p44,p26,1
e1683,p44,p30,1
e1684,p44,p31,1
e1685,p44,p33,1
e1686,p44,p34,1
e1687,p44,p41,1
e1688,p44,p49,1
e1689,p44,p50,1
e1690,p44,p51,1
e1691,p44,p52,1
e1692,p44,p53,1
e1693,p44,p56,1
e1694,p44,p59,1
e1695,p44,p60,1
e1696,p44,p61,1
e1697,p44,p76,1
e1698,p44,p78,1
e1699,p44,p79,1
e1700,p44,p84,1
e1701,p44,p86,1
e1702,p44,t100,1
e1703,p44,t101,1
e1704,p44,t102,1
e1705,p44,t103,1
e1706,p44,t104,1
e1707,p45,p5,1
e1708,p45,p6,1
e1709,p45,p9,1
e1710,p45,p12,1
e1711,p45,p17,1
e1712,p45,p18,1
e1713,p45,p19,1
e1714,p45,p23,1
e1715,p45,p25,1
e1716,p45,p26,1
e1717,p45,p27,1
e1718,p45,p28,1
e1719,p45,p30,1
e1720,p45,p33,1
e1721,p45,p34,1
e1722,p45,p38,1
e1723,p45,p39,1
e1724,p45,p41,1
e1725,p45,p42,1
e1726,p45,p46,1
e1727,p45,p47,1
e1728,p45,p49,1
e1729,p45,p50,1
e1730,p45,p51,1
e1731,p45,p54,1
e1732,p45,p55,1
e1733,p45,p56,1
e1734,p45,p59,1
e1735,p45,p61,1
e1736,p45,p62,1
e1737,p45,p66,1
e1738,p45,p69,1
e1739,p45,p72,1
e1740,p45,p74,1
e1741,p45,p76,1
e1742,p45,p78,1
e1743,p45,p79,1
e1744,p45,p80,1
e1745,p45,p82,1
e1746,p45,p87,1
e1747,p45,p89,1
e1748,p45,p96,1
e1749,p45,p97,1
e1750,p45,t100,1
e1751,p45,t101,1
e1752,p45,t102,1
e1753,p45,t103,1
e1754,p45,t104,1
e1755,p46,p6,1
e1756,p46,p18,1
e1757,p46,p23,1
e1758,p46,p24,1
e1759,p46,p25,1
e1760,p46,p26,1
e1761,p46,p31,1
e1762,p46,p33,1
e1763,p46,p34,1
e1764,p46,p40,1
e1765,p46,p50,1
e1766,p46,p51,1
e1767,p46,p52,1
e1768,p46,p54,1
e1769,p46,p56,1
e1770,p46,p60,1
e1771,p46,p61,1
e1772,p46,p71,1
e1773,p46,p73,1
e1774,p46,p76,1
e1775,p46,p78,1
e1776,p46,p79,1
e1777,p46,p84,1
e1778,p46,p86,1
e1779,p46,p91,1
e1780,p46,t100,1
e1781,p46,t101,1
e1782,p46,t102,1
e1783,p46,t103,1
e1784,p46,t104,1
e1785,p47,p5,1
e1786,p47,p12,1
e1787,p47,p16,1
e1788,p47,p28,1
e1789,p47,p62,1
e1790,p47,p74,1
e1791,p47,p77,1
e1792,p47,p80,1
e1793,p47,p84,1
e1794,p47,t100,1
e1795,p47,t101,1
e1796,p47,t102,1
e1797,p47,t103,1
e1798,p47,t104,1
e1799,p48,p5,1
e1800,p48,p6,1
e1801,p48,p9,1
e1802,p48,p13,1
e1803,p48,p18,1
e1804,p48,p19,1
e1805,p48,p21,1
e1806,p48,p23,1
e1807,p48,p26,1
e1808,p48,p27,1
e1809,p48,p28,1
e1810,p48,p30,1
e1811,p48,p33,1
e1812,p48,p35,1
e1813,p48,p36,1
e1814,p48,p37,1
e1815,p48,p38,1
e1816,p48,p39,1
e1817,p48,p40,1
e1818,p48,p41,1
e1819,p48,p42,1
e1820,p48,p45,1
e1821,p48,p46,1
e1822,p48,p50,1
e1823,p48,p52,1
e1824,p48,p53,1
e1825,p48,p54,1
e1826,p48,p56,1
e1827,p48,p62,1
e1828,p48,p64,1
e1829,p48,p66,1
e1830,p48,p68,1
e1831,p48,p72,1
e1832,p48,p73,1
e1833,p48,p74,1
e1834,p48,p76,1
e1835,p48,p78,1
e1836,p48,p79,1
e1837,p48,p81,1
e1838,p48,p86,1
e1839,p48,p89,1
e1840,p48,p90,1
e1841,p48,p96,1
e1842,p48,p97,1
e1843,p48,t100,1
e1844,p48,t101,1
e1845,p48,t102,1
e1846,p48,t103,1
e1847,p48,t104,1
e1848,p49,p6,1
e1849,p49,p7,1
e1850,p49,p9,1
e1851,p49,p12,1
e1852,p49,p13,1
e1853,p49,p17,1
e1854,p49,p18,1
e1855,p49,p19,1
e1856,p49,p23,1
e1857,p49,p24,1
e1858,p49,p25,1
e1859,p49,p28,1
e1860,p49,p31,1
e1861,p49,p33,1
e1862,p49,p34,1
e1863,p49,p35,1
e1864,p49,p36,1
e1865,p49,p38,1
e1866,p49,p39,1
e1867,p49,p40,1
e1868,p49,p42,1
e1869,p49,p45,1
e1870,p49,p46,1
e1871,p49,p50,1
e1872,p49,p51,1
e1873,p49,p53,1
e1874,p49,p54,1
e1875,p49,p56,1
e1876,p49,p57,1
e1877,p49,p59,1
e1878,p49,p61,1
e1879,p49,p62,1
e1880,p49,p68,1
e1881,p49,p69,1
e1882,p49,p72,1
e1883,p49,p74,1
e1884,p49,p76,1
e1885,p49,p77,1
e1886,p49,p78,1
e1887,p49,p79,1
e1888,p49,p80,1
e1889,p49,p81,1
e1890,p49,p82,1
e1891,p49,p84,1
e1892,p49,p86,1
e1893,p49,p89,1
e1894,p49,p96,1
e1895,p49,p97,1
e1896,p49,t100,1
e1897,p49,t101,1
e1898,p49,t102,1
e1899,p49,t103,1
e1900,p49,t104,1
e1901,p50,p5,1
e1902,p50,p6,1
e1903,p50,p12,1
e1904,p50,p15,1
e1905,p50,p20,1
e1906,p50,p25,1
e1907,p50,p26,1
e1908,p50,p30,1
e1909,p50,p31,1
e1910,p50,p33,1
e1911,p50,p34,1
e1912,p50,p40,1
e1913,p50,p41,1
e1914,p50,p44,1
e1915,p50,p52,1
e1916,p50,p54,1
e1917,p50,p56,1
e1918,p50,p59,1
e1919,p50,p60,1
e1920,p50,p71,1
e1921,p50,p76,1
e1922,p50,p79,1
e1923,p50,p80,1
e1924,p50,t100,1
e1925,p50,t101,1
e1926,p50,t102,1
e1927,p50,t103,1
e1928,p50,t104,1
e1929,p51,p6,1
e1930,p51,p9,1
e1931,p51,p12,1
e1932,p51,p17,1
e1933,p51,p18,1
e1934,p51,p19,1
e1935,p51,p27,1
e1936,p51,p28,1
e1937,p51,p30,1
e1938,p51,p31,1
e1939,p51,p33,1
e1940,p51,p34,1
e1941,p51,p35,1
e1942,p51,p41,1
e1943,p51,p42,1
e1944,p51,p45,1
e1945,p51,p49,1
e1946,p51,p50,1
e1947,p51,p52,1
e1948,p51,p53,1
e1949,p51,p54,1
e1950,p51,p55,1
e1951,p51,p56,1
e1952,p51,p59,1
e1953,p51,p60,1
e1954,p51,p61,1
e1955,p51,p62,1
e1956,p51,p66,1
e1957,p51,p68,1
e1958,p51,p71,1
e1959,p51,p72,1
e1960,p51,p74,1
e1961,p51,p76,1
e1962,p51,p78,1
e1963,p51,p79,1
e1964,p51,p80,1
e1965,p51,p82,1
e1966,p51,p84,1
e1967,p51,p86,1
e1968,p51,p91,1
e1969,p51,p98,1
e1970,p51,t100,1
e1971,p51,t101,1
e1972,p51,t102,1
e1973,p51,t103,1
e1974,p51,t104,1
e1975,p52,p6,1
e1976,p52,p9,1
e1977,p52,p12,1
e1978,p52,p18,1
e1979,p52,p19,1
e1980,p52,p23,1
e1981,p52,p24,1
e1982,p52,p25,1
e1983,p52,p26,1
e1984,p52,p27,1
e1985,p52,p28,1
e1986,p52,p30,1
e1987,p52,p32,1
e1988,p52,p34,1
e1989,p52,p35,1
e1990,p52,p36,1
e1991,p52,p38,1
e1992,p52,p40,1
e1993,p52,p41,1
e1994,p52,p42,1
e1995,p52,p43,1
e1996,p52,p45,1
e1997,p52,p46,1
e1998,p52,p49,1
e1999,p52,p50,1
e2000,p52,p51,1
e2001,p52,p53,1
e2002,p52,p59,1
e2003,p52,p60,1
e2004,p52,p61,1
e2005,p52,p62,1
e2006,p52,p64,1
e2007,p52,p66,1
e2008,p52,p68,1
e2009,p52,p69,1
e2010,p52,p73,1
e2011,p52,p74,1
e2012,p52,p76,1
e2013,p52,p78,1
e2014,p52,p79,1
e2015,p52,p80,1
e2016,p52,p82,1
e2017,p52,p84,1
e2018,p52,p91,1
e2019,p52,p97,1
e2020,p52,p98,1
e2021,p52,t100,1
e2022,p52,t101,1
e2023,p52,t102,1
e2024,p52,t103,1
e2025,p52,t104,1
e2026,p53,p9,1
e2027,p53,p12,1
e2028,p53,p62,1
e2029,p53,p74,1
e2030,p53,p77,1
e2031,p53,p78,1
e2032,p53,p81,1
e2033,p53,p96,1
e2034,p53,t100,1
e2035,p53,t101,1
e2036,p53,t102,1
e2037,p53,t103,1
e2038,p53,t104,1
e2039,p54,p5,1
e2040,p54,p6,1
e2041,p54,p9,1
e2042,p54,p10,1
e2043,p54,p12,1
e2044,p54,p15,1
e2045,p54,p16,1
e2046,p54,p18,1
e2047,p54,p19,1
e2048,p54,p20,1
e2049,p54,p21,1
e2050,p54,p22,1
e2051,p54,p23,1
e2052,p54,p25,1
e2053,p54,p26,1
e2054,p54,p32,1
e2055,p54,p34,1
e2056,p54,p39,1
e2057,p54,p42,1
e2058,p54,p44,1
e2059,p54,p45,1
e2060,p54,p46,1
e2061,p54,p47,1
e2062,p54,p50,1
e2063,p54,p51,1
e2064,p54,p53,1
e2065,p54,p56,1
e2066,p54,p59,1
e2067,p54,p60,1
e2068,p54,p62,1
e2069,p54,p63,1
e2070,p54,p64,1
e2071,p54,p67,1
e2072,p54,p70,1
e2073,p54,p72,1
e2074,p54,p73,1
e2075,p54,p74,1
e2076,p54,p76,1
e2077,p54,p77,1
e2078,p54,p79,1
e2079,p54,p80,1
e2080,p54,p84,1
e2081,p54,p86,1
e2082,p54,p87,1
e2083,p54,p90,1
e2084,p54,p91,1
e2085,p54,p96,1
e2086,p54,p97,1
e2087,p54,p98,1
e2088,p54,t100,1
e2089,p54,t101,1
e2090,p54,t102,1
e2091,p54,t103,1
e2092,p54,t104,1
e2093,p55,p6,1
e2094,p55,p7,1
e2095,p55,p9,1
e2096,p55,p12,1
e2097,p55,p15,1
e2098,p55,p17,1
e2099,p55,p19,1
e2100,p55,p23,1
e2101,p55,p24,1
e2102,p55,p25,1
e2103,p55,p26,1
e2104,p55,p31,1
e2105,p55,p33,1
e2106,p55,p34,1
e2107,p55,p38,1
e2108,p55,p41,1
e2109,p55,p42,1
e2110,p55,p44,1
e2111,p55,p45,1
e2112,p55,p46,1
e2113,p55,p47,1
e2114,p55,p49,1
e2115,p55,p50,1
e2116,p55,p51,1
e2117,p55,p52,1
e2118,p55,p54,1
e2119,p55,p58,1
e2120,p55,p60,1
e2121,p55,p61,1
e2122,p55,p62,1
e2123,p55,p66,1
e2124,p55,p67,1
e2125,p55,p68,1
e2126,p55,p69,1
e2127,p55,p70,1
e2128,p55,p72,1
e2129,p55,p74,1
e2130,p55,p75,1
e2131,p55,p77,1
e2132,p55,p78,1
e2133,p55,p79,1
e2134,p55,p80,1
e2135,p55,p82,1
e2136,p55,p86,1
e2137,p55,p87,1
e2138,p55,p91,1
e2139,p55,p95,1
e2140,p55,p97,1
e2141,p55,t100,1
e2142,p55,t101,1
e2143,p55,t102,1
e2144,p55,t103,1
e2145,p55,t104,1
e2146,p56,p5,1
e2147,p56,p78,1
e2148,p56,p84,1
e2149,p56,t100,1
e2150,p56,t101,1
e2151,p56,t102,1
e2152,p56,t103,1
e2153,p56,t104,1
e2154,p57,p5,1
e2155,p57,p6,1
e2156,p57,p9,1
e2157,p57,p12,1
e2158,p57,p18,1
e2159,p57,p19,1
e2160,p57,p21,1
e2161,p57,p25,1
e2162,p57,p27,1
e2163,p57,p28,1
e2164,p57,p33,1
e2165,p57,p38,1
e2166,p57,p40,1
e2167,p57,p41,1
e2168,p57,p42,1
e2169,p57,p46,1
e2170,p57,p50,1
e2171,p57,p51,1
e2172,p57,p52,1
e2173,p57,p53,1
e2174,p57,p54,1
e2175,p57,p56,1
e2176,p57,p60,1
e2177,p57,p62,1
e2178,p57,p68,1
e2179,p57,p72,1
e2180,p57,p73,1
e2181,p57,p74,1
e2182,p57,p76,1
e2183,p57,p77,1
e2184,p57,p78,1
e2185,p57,p79,1
e2186,p57,p80,1
e2187,p57,p83,1
e2188,p57,p84,1
e2189,p57,p86,1
e2190,p57,p89,1
e2191,p57,p90,1
e2192,p57,p91,1
e2193,p57,p96,1
e2194,p57,t100,1
e2195,p57,t101,1
e2196,p57,t102,1
e2197,p57,t103,1
e2198,p57,t104,1
e2199,p58,p6,1
e2200,p58,p23,1
e2201,p58,p26,1
e2202,p58,p30,1
e2203,p58,p33,1
e2204,p58,p34,1
e2205,p58,p40,1
e2206,p58,p41,1
e2207,p58,p49,1
e2208,p58,p50,1
e2209,p58,p51,1
e2210,p58,p53,1
e2211,p58,p54,1
e2212,p58,p56,1
e2213,p58,p59,1
e2214,p58,p64,1
e2215,p58,p71,1
e2216,p58,p73,1
e2217,p58,p76,1
e2218,p58,p79,1
e2219,p58,p80,1
e2220,p58,p84,1
e2221,p58,t100,1
e2222,p58,t101,1
e2223,p58,t102,1
e2224,p58,t103,1
e2225,p58,t104,1
e2226,p59,p5,1
e2227,p59,p6,1
e2228,p59,p24,1
e2229,p59,p25,1
e2230,p59,p26,1
e2231,p59,p31,1
e2232,p59,p33,1
e2233,p59,p34,1
e2234,p59,p40,1
e2235,p59,p47,1
e2236,p59,p49,1
e2237,p59,p50,1
e2238,p59,p51,1
e2239,p59,p52,1
e2240,p59,p60,1
e2241,p59,p61,1
e2242,p59,p76,1
e2243,p59,p78,1
e2244,p59,p79,1
e2245,p59,p80,1
e2246,p59,p86,1
e2247,p59,p91,1
e2248,p59,p99,1
e2249,p59,t100,1
e2250,p59,t101,1
e2251,p59,t102,1
e2252,p59,t103,1
e2253,p59,t104,1
e2254,p60,p6,1
e2255,p60,p8,1
e2256,p60,p12,1
e2257,p60,p25,1
e2258,p60,p33,1
e2259,p60,p34,1
e2260,p60,p40,1
e2261,p60,p47,1
e2262,p60,p49,1
e2263,p60,p50,1
e2264,p60,p51,1
e2265,p60,p52,1
e2266,p60,p54,1
e2267,p60,p56,1
e2268,p60,p59,1
e2269,p60,p61,1
e2270,p60,p71,1
e2271,p60,p76,1
e2272,p60,p78,1
e2273,p60,p79,1
e2274,p60,p86,1
e2275,p60,t100,1
e2276,p60,t101,1
e2277,p60,t102,1
e2278,p60,t103,1
e2279,p60,t104,1
e2280,p61,p5,1
e2281,p61,p6,1
e2282,p61,p9,1
e2283,p61,p17,1
e2284,p61,p19,1
e2285,p61,p24,1
e2286,p61,p25,1
e2287,p61,p26,1
e2288,p61,p30,1
e2289,p61,p33,1
e2290,p61,p34,1
e2291,p61,p35,1
e2292,p61,p36,1
e2293,p61,p38,1
e2294,p61,p41,1
e2295,p61,p42,1
e2296,p61,p50,1
e2297,p61,p51,1
e2298,p61,p54,1
e2299,p61,p55,1
e2300,p61,p56,1
e2301,p61,p60,1
e2302,p61,p62,1
e2303,p61,p66,1
e2304,p61,p72,1
e2305,p61,p74,1
e2306,p61,p76,1
e2307,p61,p77,1
e2308,p61,p79,1
e2309,p61,p80,1
e2310,p61,p81,1
e2311,p61,p82,1
e2312,p61,p84,1
e2313,p61,p86,1
e2314,p61,p91,1
e2315,p61,p97,1
e2316,p61,p98,1
e2317,p61,t100,1
e2318,p61,t101,1
e2319,p61,t102,1
e2320,p61,t103,1
e2321,p61,t104,1
e2322,p62,p6,1
e2323,p62,p12,1
e2324,p62,p23,1
e2325,p62,p25,1
e2326,p62,p30,1
e2327,p62,p31,1
e2328,p62,p33,1
e2329,p62,p34,1
e2330,p62,p47,1
e2331,p62,p50,1
e2332,p62,p51,1
e2333,p62,p52,1
e2334,p62,p53,1
e2335,p62,p60,1
e2336,p62,p73,1
e2337,p62,p76,1
e2338,p62,p78,1
e2339,p62,p79,1
e2340,p62,p80,1
e2341,p62,p84,1
e2342,p62,p86,1
e2343,p62,p91,1
e2344,p62,t100,1
e2345,p62,t101,1
e2346,p62,t102,1
e2347,p62,t103,1
e2348,p62,t104,1
e2349,p63,p5,1
e2350,p63,p6,1
e2351,p63,p9,1
e2352,p63,p12,1
e2353,p63,p17,1
e2354,p63,p18,1
e2355,p63,p19,1
e2356,p63,p30,1
e2357,p63,p31,1
e2358,p63,p33,1
e2359,p63,p34,1
e2360,p63,p35,1
e2361,p63,p38,1
e2362,p63,p41,1
e2363,p63,p42,1
e2364,p63,p46,1
e2365,p63,p47,1
e2366,p63,p50,1
e2367,p63,p51,1
e2368,p63,p52,1
e2369,p63,p53,1
e2370,p63,p54,1
e2371,p63,p55,1
e2372,p63,p56,1
e2373,p63,p62,1
e2374,p63,p66,1
e2375,p63,p72,1
e2376,p63,p73,1
e2377,p63,p74,1
e2378,p63,p76,1
e2379,p63,p77,1
e2380,p63,p78,1
e2381,p63,p79,1
e2382,p63,p80,1
e2383,p63,p82,1
e2384,p63,p86,1
e2385,p63,p87,1
e2386,p63,p91,1
e2387,p63,p96,1
e2388,p63,p97,1
e2389,p63,p99,1
e2390,p63,t100,1
e2391,p63,t101,1
e2392,p63,t102,1
e2393,p63,t103,1
e2394,p63,t104,1
e2395,p64,p6,1
e2396,p64,p18,1
e2397,p64,p24,1
e2398,p64,p26,1
e2399,p64,p31,1
e2400,p64,p33,1
e2401,p64,p34,1
e2402,p64,p40,1
e2403,p64,p41,1
e2404,p64,p47,1
e2405,p64,p49,1
e2406,p64,p50,1
e2407,p64,p51,1
e2408,p64,p52,1
e2409,p64,p53,1
e2410,p64,p54,1
e2411,p64,p56,1
e2412,p64,p60,1
e2413,p64,p61,1
e2414,p64,p71,1
e2415,p64,p76,1
e2416,p64,p78,1
e2417,p64,p79,1
e2418,p64,p80,1
e2419,p64,p84,1
e2420,p64,t100,1
e2421,p64,t101,1
e2422,p64,t102,1
e2423,p64,t103,1
e2424,p64,t104,1
e2425,p65,p5,1
e2426,p65,p12,1
e2427,p65,p38,1
e2428,p65,p62,1
e2429,p65,p74,1
e2430,p65,p78,1
e2431,p65,p80,1
e2432,p65,p81,1
e2433,p65,p84,1
e2434,p65,p96,1
e2435,p65,t100,1
e2436,p65,t101,1
e2437,p65,t102,1
e2438,p65,t103,1
e2439,p65,t104,1
e2440,p66,p5,1
e2441,p66,p6,1
e2442,p66,p9,1
e2443,p66,p10,1
e2444,p66,p15,1
e2445,p66,p16,1
e2446,p66,p18,1
e2447,p66,p24,1
e2448,p66,p25,1
e2449,p66,p27,1
e2450,p66,p28,1
e2451,p66,p31,1
e2452,p66,p34,1
e2453,p66,p35,1
e2454,p66,p38,1
e2455,p66,p40,1
e2456,p66,p41,1
e2457,p66,p42,1
e2458,p66,p44,1
e2459,p66,p45,1
e2460,p66,p46,1
e2461,p66,p49,1
e2462,p66,p50,1
e2463,p66,p52,1
e2464,p66,p55,1
e2465,p66,p56,1
e2466,p66,p58,1
e2467,p66,p59,1
e2468,p66,p60,1
e2469,p66,p62,1
e2470,p66,p67,1
e2471,p66,p68,1
e2472,p66,p69,1
e2473,p66,p70,1
e2474,p66,p72,1
e2475,p66,p73,1
e2476,p66,p74,1
e2477,p66,p76,1
e2478,p66,p77,1
e2479,p66,p79,1
e2480,p66,p81,1
e2481,p66,p82,1
e2482,p66,p84,1
e2483,p66,p86,1
e2484,p66,p87,1
e2485,p66,p89,1
e2486,p66,p91,1
e2487,p66,p93,1
e2488,p66,p96,1
e2489,p66,t100,1
e2490,p66,t101,1
e2491,p66,t102,1
e2492,p66,t103,1
e2493,p66,t104,1
e2494,p67,p6,1
e2495,p67,p9,1
e2496,p67,p19,1
e2497,p67,p23,1
e2498,p67,p24,1
e2499,p67,p27,1
e2500,p67,p30,1
e2501,p67,p31,1
e2502,p67,p33,1
e2503,p67,p34,1
e2504,p67,p36,1
e2505,p67,p40,1
e2506,p67,p41,1
e2507,p67,p42,1
e2508,p67,p43,1
e2509,p67,p46,1
e2510,p67,p47,1
e2511,p67,p50,1
e2512,p67,p51,1
e2513,p67,p52,1
e2514,p67,p53,1
e2515,p67,p55,1
e2516,p67,p56,1
e2517,p67,p60,1
e2518,p67,p62,1
e2519,p67,p68,1
e2520,p67,p72,1
e2521,p67,p74,1
e2522,p67,p76,1
e2523,p67,p77,1
e2524,p67,p78,1
e2525,p67,p79,1
e2526,p67,p80,1
e2527,p67,p81,1
e2528,p67,p82,1
e2529,p67,p84,1
e2530,p67,p86,1
e2531,p67,p90,1
e2532,p67,p91,1
e2533,p67,p96,1
e2534,p67,p97,1
e2535,p67,t100,1
e2536,p67,t101,1
e2537,p67,t102,1
e2538,p67,t103,1
e2539,p67,t104,1
e2540,p68,p5,1
e2541,p68,p6,1
e2542,p68,p12,1
e2543,p68,p18,1
e2544,p68,p24,1
e2545,p68,p25,1
e2546,p68,p30,1
e2547,p68,p33,1
e2548,p68,p34,1
e2549,p68,p40,1
e2550,p68,p49,1
e2551,p68,p50,1
e2552,p68,p51,1
e2553,p68,p52,1
e2554,p68,p53,1
e2555,p68,p56,1
e2556,p68,p59,1
e2557,p68,p61,1
e2558,p68,p73,1
e2559,p68,p76,1
e2560,p68,p79,1
e2561,p68,p84,1
e2562,p68,p86,1
e2563,p68,p94,1
e2564,p68,t100,1
e2565,p68,t101,1
e2566,p68,t102,1
e2567,p68,t103,1
e2568,p68,t104,1
e2569,p69,p5,1
e2570,p69,p6,1
e2571,p69,p9,1
e2572,p69,p11,1
e2573,p69,p12,1
e2574,p69,p18,1
e2575,p69,p24,1
e2576,p69,p25,1
e2577,p69,p27,1
e2578,p69,p28,1
e2579,p69,p30,1
e2580,p69,p31,1
e2581,p69,p33,1
e2582,p69,p34,1
e2583,p69,p36,1
e2584,p69,p38,1
e2585,p69,p39,1
e2586,p69,p40,1
e2587,p69,p42,1
e2588,p69,p45,1
e2589,p69,p46,1
e2590,p69,p47,1
e2591,p69,p49,1
e2592,p69,p50,1
e2593,p69,p51,1
e2594,p69,p53,1
e2595,p69,p54,1
e2596,p69,p59,1
e2597,p69,p60,1
e2598,p69,p61,1
e2599,p69,p62,1
e2600,p69,p66,1
e2601,p69,p68,1
e2602,p69,p71,1
e2603,p69,p72,1
e2604,p69,p73,1
e2605,p69,p74,1
e2606,p69,p76,1
e2607,p69,p77,1
e2608,p69,p78,1
e2609,p69,p79,1
e2610,p69,p80,1
e2611,p69,p81,1
e2612,p69,p88,1
e2613,p69,p89,1
e2614,p69,p90,1
e2615,p69,p96,1
e2616,p69,t100,1
e2617,p69,t101,1
e2618,p69,t102,1
e2619,p69,t103,1
e2620,p69,t104,1
e2621,p70,p6,1
e2622,p70,p7,1
e2623,p70,p12,1
e2624,p70,p18,1
e2625,p70,p23,1
e2626,p70,p24,1
e2627,p70,p25,1
e2628,p70,p26,1
e2629,p70,p27,1
e2630,p70,p30,1
e2631,p70,p31,1
e2632,p70,p33,1
e2633,p70,p35,1
e2634,p70,p36,1
e2635,p70,p38,1
e2636,p70,p39,1
e2637,p70,p40,1
e2638,p70,p42,1
e2639,p70,p46,1
e2640,p70,p47,1
e2641,p70,p50,1
e2642,p70,p52,1
e2643,p70,p54,1
e2644,p70,p55,1
e2645,p70,p60,1
e2646,p70,p61,1
e2647,p70,p62,1
e2648,p70,p66,1
e2649,p70,p72,1
e2650,p70,p73,1
e2651,p70,p74,1
e2652,p70,p76,1
e2653,p70,p77,1
e2654,p70,p78,1
e2655,p70,p79,1
e2656,p70,p81,1
e2657,p70,p82,1
e2658,p70,p84,1
e2659,p70,p87,1
e2660,p70,p90,1
e2661,p70,p92,1
e2662,p70,p96,1
e2663,p70,p97,1
e2664,p70,p98,1
e2665,p70,t100,1
e2666,p70,t101,1
e2667,p70,t102,1
e2668,p70,t103,1
e2669,p70,t104,1
e2670,p71,p5,1
e2671,p71,p6,1
e2672,p71,p18,1
e2673,p71,p23,1
e2674,p71,p25,1
e2675,p71,p26,1
e2676,p71,p30,1
e2677,p71,p31,1
e2678,p71,p33,1
e2679,p71,p41,1
e2680,p71,p50,1
e2681,p71,p51,1
e2682,p71,p52,1
e2683,p71,p53,1
e2684,p71,p61,1
e2685,p71,p73,1
e2686,p71,p76,1
e2687,p71,p78,1
e2688,p71,p79,1
e2689,p71,p80,1
e2690,p71,p86,1
e2691,p71,p91,1
e2692,p71,t100,1
e2693,p71,t101,1
e2694,p71,t102,1
e2695,p71,t103,1
e2696,p71,t104,1
e2697,p72,p6,1
e2698,p72,p9,1
e2699,p72,p10,1
e2700,p72,p13,1
e2701,p72,p15,1
e2702,p72,p16,1
e2703,p72,p17,1
e2704,p72,p20,1
e2705,p72,p29,1
e2706,p72,p33,1
e2707,p72,p34,1
e2708,p72,p36,1
e2709,p72,p38,1
e2710,p72,p39,1
e2711,p72,p40,1
e2712,p72,p41,1
e2713,p72,p42,1
e2714,p72,p44,1
e2715,p72,p47,1
e2716,p72,p49,1
e2717,p72,p50,1
e2718,p72,p51,1
e2719,p72,p53,1
e2720,p72,p54,1
e2721,p72,p55,1
e2722,p72,p59,1
e2723,p72,p60,1
e2724,p72,p61,1
e2725,p72,p62,1
e2726,p72,p63,1
e2727,p72,p66,1
e2728,p72,p67,1
e2729,p72,p68,1
e2730,p72,p69,1
e2731,p72,p71,1
e2732,p72,p73,1
e2733,p72,p74,1
e2734,p72,p76,1
e2735,p72,p78,1
e2736,p72,p79,1
e2737,p72,p81,1
e2738,p72,p82,1
e2739,p72,p84,1
e2740,p72,p86,1
e2741,p72,p88,1
e2742,p72,p89,1
e2743,p72,p96,1
e2744,p72,p97,1
e2745,p72,p98,1
e2746,p72,t100,1
e2747,p72,t101,1
e2748,p72,t102,1
e2749,p72,t103,1
e2750,p72,t104,1
e2751,p73,p5,1
e2752,p73,p6,1
e2753,p73,p12,1
e2754,p73,p15,1
e2755,p73,p18,1
e2756,p73,p20,1
e2757,p73,p23,1
e2758,p73,p26,1
e2759,p73,p29,1
e2760,p73,p30,1
e2761,p73,p31,1
e2762,p73,p33,1
e2763,p73,p40,1
e2764,p73,p44,1
e2765,p73,p49,1
e2766,p73,p50,1
e2767,p73,p51,1
e2768,p73,p52,1
e2769,p73,p53,1
e2770,p73,p54,1
e2771,p73,p56,1
e2772,p73,p59,1
e2773,p73,p60,1
e2774,p73,p61,1
e2775,p73,p70,1
e2776,p73,p71,1
e2777,p73,p76,1
e2778,p73,p78,1
e2779,p73,p79,1
e2780,p73,p84,1
e2781,p73,p86,1
e2782,p73,t100,1
e2783,p73,t101,1
e2784,p73,t102,1
e2785,p73,t103,1
e2786,p73,t104,1
e2787,p74,p5,1
e2788,p74,p6,1
e2789,p74,p12,1
e2790,p74,p18,1
e2791,p74,p24,1
e2792,p74,p25,1
e2793,p74,p26,1
e2794,p74,p30,1
e2795,p74,p31,1
e2796,p74,p33,1
e2797,p74,p34,1
e2798,p74,p41,1
e2799,p74,p47,1
e2800,p74,p50,1
e2801,p74,p51,1
e2802,p74,p53,1
e2803,p74,p54,1
e2804,p74,p59,1
e2805,p74,p60,1
e2806,p74,p61,1
e2807,p74,p71,1
e2808,p74,p73,1
e2809,p74,p76,1
e2810,p74,p78,1
e2811,p74,p79,1
e2812,p74,p80,1
e2813,p74,p84,1
e2814,p74,p86,1
e2815,p74,p91,1
e2816,p74,t100,1
e2817,p74,t101,1
e2818,p74,t102,1
e2819,p74,t103,1
e2820,p74,t104,1
e2821,p75,p6,1
e2822,p75,p12,1
e2823,p75,p25,1
e2824,p75,p26,1
e2825,p75,p33,1
e2826,p75,p40,1
e2827,p75,p47,1
e2828,p75,p50,1
e2829,p75,p52,1
e2830,p75,p53,1
e2831,p75,p56,1
e2832,p75,p59,1
e2833,p75,p71,1
e2834,p75,p73,1
e2835,p75,p76,1
e2836,p75,p78,1
e2837,p75,p79,1
e2838,p75,p80,1
e2839,p75,p84,1
e2840,p75,p91,1
e2841,p75,t100,1
e2842,p75,t101,1
e2843,p75,t102,1
e2844,p75,t103,1
e2845,p75,t104,1
e2846,p76,p5,1
e2847,p76,p6,1
e2848,p76,p12,1
e2849,p76,p17,1
e2850,p76,p18,1
e2851,p76,p19,1
e2852,p76,p24,1
e2853,p76,p26,1
e2854,p76,p27,1
e2855,p76,p28,1
e2856,p76,p30,1
e2857,p76,p31,1
e2858,p76,p33,1
e2859,p76,p38,1
e2860,p76,p39,1
e2861,p76,p42,1
e2862,p76,p45,1
e2863,p76,p46,1
e2864,p76,p47,1
e2865,p76,p50,1
e2866,p76,p51,1
e2867,p76,p52,1
e2868,p76,p53,1
e2869,p76,p55,1
e2870,p76,p56,1
e2871,p76,p59,1
e2872,p76,p61,1
e2873,p76,p62,1
e2874,p76,p66,1
e2875,p76,p72,1
e2876,p76,p73,1
e2877,p76,p74,1
e2878,p76,p77,1
e2879,p76,p79,1
e2880,p76,p80,1
e2881,p76,p82,1
e2882,p76,p86,1
e2883,p76,p89,1
e2884,p76,p90,1
e2885,p76,p91,1
e2886,p76,p97,1
e2887,p76,p98,1
e2888,p76,t100,1
e2889,p76,t101,1
e2890,p76,t102,1
e2891,p76,t103,1
e2892,p76,t104,1
e2893,p77,p5,1
e2894,p77,p6,1
e2895,p77,p12,1
e2896,p77,p17,1
e2897,p77,p18,1
e2898,p77,p23,1
e2899,p77,p25,1
e2900,p77,p28,1
e2901,p77,p31,1
e2902,p77,p33,1
e2903,p77,p34,1
e2904,p77,p35,1
e2905,p77,p38,1
e2906,p77,p40,1
e2907,p77,p42,1
e2908,p77,p45,1
e2909,p77,p46,1
e2910,p77,p49,1
e2911,p77,p50,1
e2912,p77,p51,1
e2913,p77,p54,1
e2914,p77,p56,1
e2915,p77,p59,1
e2916,p77,p60,1
e2917,p77,p62,1
e2918,p77,p66,1
e2919,p77,p68,1
e2920,p77,p72,1
e2921,p77,p73,1
e2922,p77,p74,1
e2923,p77,p76,1
e2924,p77,p78,1
e2925,p77,p79,1
e2926,p77,p80,1
e2927,p77,p82,1
e2928,p77,p84,1
e2929,p77,p86,1
e2930,p77,p87,1
e2931,p77,p90,1
e2932,p77,p91,1
e2933,p77,p96,1
e2934,p77,p98,1
e2935,p77,t100,1
e2936,p77,t101,1
e2937,p77,t102,1
e2938,p77,t103,1
e2939,p77,t104,1
e2940,p78,p5,1
e2941,p78,p6,1
e2942,p78,p9,1
e2943,p78,p12,1
e2944,p78,p17,1
e2945,p78,p18,1
e2946,p78,p23,1
e2947,p78,p25,1
e2948,p78,p26,1
e2949,p78,p27,1
e2950,p78,p28,1
e2951,p78,p31,1
e2952,p78,p33,1
e2953,p78,p35,1
e2954,p78,p36,1
e2955,p78,p38,1
e2956,p78,p40,1
e2957,p78,p41,1
e2958,p78,p42,1
e2959,p78,p45,1
e2960,p78,p47,1
e2961,p78,p50,1
e2962,p78,p51,1
e2963,p78,p52,1
e2964,p78,p53,1
e2965,p78,p54,1
e2966,p78,p56,1
e2967,p78,p60,1
e2968,p78,p62,1
e2969,p78,p64,1
e2970,p78,p66,1
e2971,p78,p69,1
e2972,p78,p71,1
e2973,p78,p72,1
e2974,p78,p73,1
e2975,p78,p74,1
e2976,p78,p76,1
e2977,p78,p77,1
e2978,p78,p79,1
e2979,p78,p81,1
e2980,p78,p82,1
e2981,p78,p84,1
e2982,p78,p86,1
e2983,p78,p87,1
e2984,p78,p89,1
e2985,p78,p90,1
e2986,p78,p96,1
e2987,p78,p97,1
e2988,p78,t100,1
e2989,p78,t101,1
e2990,p78,t102,1
e2991,p78,t103,1
e2992,p78,t104,1
e2993,p79,p5,1
e2994,p79,p6,1
e2995,p79,p13,1
e2996,p79,p15,1
e2997,p79,p16,1
e2998,p79,p17,1
e2999,p79,p18,1
e3000,p79,p20,1
e3001,p79,p22,1
e3002,p79,p23,1
e3003,p79,p24,1
e3004,p79,p25,1
e3005,p79,p26,1
e3006,p79,p30,1
e3007,p79,p31,1
e3008,p79,p33,1
e3009,p79,p36,1
e3010,p79,p39,1
e3011,p79,p40,1
e3012,p79,p42,1
e3013,p79,p43,1
e3014,p79,p44,1
e3015,p79,p46,1
e3016,p79,p47,1
e3017,p79,p50,1
e3018,p79,p53,1
e3019,p79,p54,1
e3020,p79,p55,1
e3021,p79,p61,1
e3022,p79,p62,1
e3023,p79,p63,1
e3024,p79,p65,1
e3025,p79,p67,1
e3026,p79,p68,1
e3027,p79,p69,1
e3028,p79,p71,1
e3029,p79,p72,1
e3030,p79,p73,1
e3031,p79,p74,1
e3032,p79,p76,1
e3033,p79,p81,1
e3034,p79,p84,1
e3035,p79,p86,1
e3036,p79,p87,1
e3037,p79,p89,1
e3038,p79,p91,1
e3039,p79,p93,1
e3040,p79,p96,1
e3041,p79,p97,1
e3042,p79,t100,1
e3043,p79,t101,1
e3044,p79,t102,1
e3045,p79,t103,1
e3046,p79,t104,1
e3047,p80,p5,1
e3048,p80,p6,1
e3049,p80,p9,1
e3050,p80,p23,1
e3051,p80,p24,1
e3052,p80,p25,1
e3053,p80,p26,1
e3054,p80,p27,1
e3055,p80,p28,1
e3056,p80,p30,1
e3057,p80,p33,1
e3058,p80,p36,1
e3059,p80,p38,1
e3060,p80,p39,1
e3061,p80,p40,1
e3062,p80,p42,1
e3063,p80,p45,1
e3064,p80,p50,1
e3065,p80,p53,1
e3066,p80,p54,1
e3067,p80,p55,1
e3068,p80,p57,1
e3069,p80,p60,1
e3070,p80,p61,1
e3071,p80,p62,1
e3072,p80,p64,1
e3073,p80,p66,1
e3074,p80,p69,1
e3075,p80,p71,1
e3076,p80,p73,1
e3077,p80,p74,1
e3078,p80,p76,1
e3079,p80,p78,1
e3080,p80,p79,1
e3081,p80,p81,1
e3082,p80,p82,1
e3083,p80,p86,1
e3084,p80,p87,1
e3085,p80,p89,1
e3086,p80,p97,1
e3087,p80,t100,1
e3088,p80,t101,1
e3089,p80,t102,1
e3090,p80,t103,1
e3091,p80,t104,1
e3092,p81,p5,1
e3093,p81,p6,1
e3094,p81,p9,1
e3095,p81,p12,1
e3096,p81,p17,1
e3097,p81,p18,1
e3098,p81,p24,1
e3099,p81,p25,1
e3100,p81,p32,1
e3101,p81,p33,1
e3102,p81,p34,1
e3103,p81,p35,1
e3104,p81,p36,1
e3105,p81,p38,1
e3106,p81,p42,1
e3107,p81,p45,1
e3108,p81,p46,1
e3109,p81,p49,1
e3110,p81,p50,1
e3111,p81,p51,1
e3112,p81,p52,1
e3113,p81,p53,1
e3114,p81,p55,1
e3115,p81,p59,1
e3116,p81,p61,1
e3117,p81,p62,1
e3118,p81,p66,1
e3119,p81,p68,1
e3120,p81,p72,1
e3121,p81,p73,1
e3122,p81,p74,1
e3123,p81,p76,1
e3124,p81,p79,1
e3125,p81,p82,1
e3126,p81,p87,1
e3127,p81,p90,1
e3128,p81,t100,1
e3129,p81,t101,1
e3130,p81,t102,1
e3131,p81,t103,1
e3132,p81,t104,1
e3133,p82,p6,1
e3134,p82,p9,1
e3135,p82,p17,1
e3136,p82,p18,1
e3137,p82,p23,1
e3138,p82,p25,1
e3139,p82,p27,1
e3140,p82,p28,1
e3141,p82,p30,1
e3142,p82,p33,1
e3143,p82,p38,1
e3144,p82,p39,1
e3145,p82,p41,1
e3146,p82,p42,1
e3147,p82,p46,1
e3148,p82,p47,1
e3149,p82,p49,1
e3150,p82,p50,1
e3151,p82,p51,1
e3152,p82,p53,1
e3153,p82,p54,1
e3154,p82,p55,1
e3155,p82,p59,1
e3156,p82,p61,1
e3157,p82,p62,1
e3158,p82,p66,1
e3159,p82,p69,1
e3160,p82,p71,1
e3161,p82,p72,1
e3162,p82,p74,1
e3163,p82,p76,1
e3164,p82,p79,1
e3165,p82,p90,1
e3166,p82,p91,1
e3167,p82,p92,1
e3168,p82,p96,1
e3169,p82,p97,1
e3170,p82,t100,1
e3171,p82,t101,1
e3172,p82,t102,1
e3173,p82,t103,1
e3174,p82,t104,1
e3175,p83,p5,1
e3176,p83,p12,1
e3177,p83,p80,1
e3178,p83,t100,1
e3179,p83,t101,1
e3180,p83,t102,1
e3181,p83,t103,1
e3182,p83,t104,1
e3183,p84,p5,1
e3184,p84,p6,1
e3185,p84,p9,1
e3186,p84,p10,1
e3187,p84,p12,1
e3188,p84,p15,1
e3189,p84,p16,1
e3190,p84,p17,1
e3191,p84,p20,1
e3192,p84,p25,1
e3193,p84,p26,1
e3194,p84,p27,1
e3195,p84,p30,1
e3196,p84,p32,1
e3197,p84,p33,1
e3198,p84,p34,1
e3199,p84,p35,1
e3200,p84,p36,1
e3201,p84,p38,1
e3202,p84,p39,1
e3203,p84,p41,1
e3204,p84,p42,1
e3205,p84,p44,1
e3206,p84,p45,1
e3207,p84,p46,1
e3208,p84,p47,1
e3209,p84,p48,1
e3210,p84,p50,1
e3211,p84,p53,1
e3212,p84,p54,1
e3213,p84,p55,1
e3214,p84,p56,1
e3215,p84,p59,1
e3216,p84,p62,1
e3217,p84,p63,1
e3218,p84,p65,1
e3219,p84,p67,1
e3220,p84,p68,1
e3221,p84,p69,1
e3222,p84,p71,1
e3223,p84,p72,1
e3224,p84,p73,1
e3225,p84,p74,1
e3226,p84,p75,1
e3227,p84,p76,1
e3228,p84,p78,1
e3229,p84,p79,1
e3230,p84,p80,1
e3231,p84,p82,1
e3232,p84,p87,1
e3233,p84,p90,1
e3234,p84,p98,1
e3235,p84,t100,1
e3236,p84,t101,1
e3237,p84,t102,1
e3238,p84,t103,1
e3239,p84,t104,1
e3240,p85,p6,1
e3241,p85,p12,1
e3242,p85,p24,1
e3243,p85,p26,1
e3244,p85,p30,1
e3245,p85,p33,1
e3246,p85,p34,1
e3247,p85,p40,1
e3248,p85,p41,1
e3249,p85,p47,1
e3250,p85,p49,1
e3251,p85,p50,1
e3252,p85,p51,1
e3253,p85,p52,1
e3254,p85,p56,1
e3255,p85,p59,1
e3256,p85,p61,1
e3257,p85,p71,1
e3258,p85,p73,1
e3259,p85,p76,1
e3260,p85,p79,1
e3261,p85,p84,1
e3262,p85,p91,1
e3263,p85,t100,1
e3264,p85,t101,1
e3265,p85,t102,1
e3266,p85,t103,1
e3267,p85,t104,1
e3268,p86,p6,1
e3269,p86,p23,1
e3270,p86,p25,1
e3271,p86,p31,1
e3272,p86,p33,1
e3273,p86,p40,1
e3274,p86,p50,1
e3275,p86,p51,1
e3276,p86,p54,1
e3277,p86,p59,1
e3278,p86,p61,1
e3279,p86,p64,1
e3280,p86,p71,1
e3281,p86,p76,1
e3282,p86,p79,1
e3283,p86,p80,1
e3284,p86,p91,1
e3285,p86,t100,1
e3286,p86,t101,1
e3287,p86,t102,1
e3288,p86,t103,1
e3289,p86,t104,1
e3290,p87,p6,1
e3291,p87,p8,1
e3292,p87,p12,1
e3293,p87,p24,1
e3294,p87,p26,1
e3295,p87,p31,1
e3296,p87,p34,1
e3297,p87,p47,1
e3298,p87,p49,1
e3299,p87,p50,1
e3300,p87,p52,1
e3301,p87,p54,1
e3302,p87,p56,1
e3303,p87,p61,1
e3304,p87,p71,1
e3305,p87,p73,1
e3306,p87,p76,1
e3307,p87,p78,1
e3308,p87,p79,1
e3309,p87,p80,1
e3310,p87,p86,1
e3311,p87,p91,1
e3312,p87,t100,1
e3313,p87,t101,1
e3314,p87,t102,1
e3315,p87,t103,1
e3316,p87,t104,1
e3317,p88,p5,1
e3318,p88,p6,1
e3319,p88,p12,1
e3320,p88,p17,1
e3321,p88,p18,1
e3322,p88,p19,1
e3323,p88,p23,1
e3324,p88,p25,1
e3325,p88,p26,1
e3326,p88,p27,1
e3327,p88,p28,1
e3328,p88,p30,1
e3329,p88,p31,1
e3330,p88,p33,1
e3331,p88,p35,1
e3332,p88,p36,1
e3333,p88,p41,1
e3334,p88,p42,1
e3335,p88,p43,1
e3336,p88,p47,1
e3337,p88,p50,1
e3338,p88,p51,1
e3339,p88,p52,1
e3340,p88,p53,1
e3341,p88,p54,1
e3342,p88,p55,1
e3343,p88,p56,1
e3344,p88,p59,1
e3345,p88,p60,1
e3346,p88,p62,1
e3347,p88,p66,1
e3348,p88,p68,1
e3349,p88,p69,1
e3350,p88,p71,1
e3351,p88,p72,1
e3352,p88,p73,1
e3353,p88,p74,1
e3354,p88,p76,1
e3355,p88,p78,1
e3356,p88,p79,1
e3357,p88,p80,1
e3358,p88,p83,1
e3359,p88,p84,1
e3360,p88,p86,1
e3361,p88,p90,1
e3362,p88,p91,1
e3363,p88,p97,1
e3364,p88,t100,1
e3365,p88,t101,1
e3366,p88,t102,1
e3367,p88,t103,1
e3368,p88,t104,1
e3369,p89,p6,1
e3370,p89,p12,1
e3371,p89,p23,1
e3372,p89,p25,1
e3373,p89,p26,1
e3374,p89,p31,1
e3375,p89,p33,1
e3376,p89,p34,1
e3377,p89,p40,1
e3378,p89,p49,1
e3379,p89,p50,1
e3380,p89,p52,1
e3381,p89,p53,1
e3382,p89,p56,1
e3383,p89,p59,1
e3384,p89,p71,1
e3385,p89,p76,1
e3386,p89,p79,1
e3387,p89,p80,1
e3388,p89,p86,1
e3389,p89,p91,1
e3390,p89,t100,1
e3391,p89,t101,1
e3392,p89,t102,1
e3393,p89,t103,1
e3394,p89,t104,1
e3395,p90,p5,1
e3396,p90,p6,1
e3397,p90,p12,1
e3398,p90,p15,1
e3399,p90,p18,1
e3400,p90,p20,1
e3401,p90,p23,1
e3402,p90,p25,1
e3403,p90,p26,1
e3404,p90,p29,1
e3405,p90,p33,1
e3406,p90,p41,1
e3407,p90,p44,1
e3408,p90,p47,1
e3409,p90,p49,1
e3410,p90,p50,1
e3411,p90,p51,1
e3412,p90,p52,1
e3413,p90,p53,1
e3414,p90,p54,1
e3415,p90,p56,1
e3416,p90,p58,1
e3417,p90,p59,1
e3418,p90,p60,1
e3419,p90,p70,1
e3420,p90,p73,1
e3421,p90,p75,1
e3422,p90,p76,1
e3423,p90,p78,1
e3424,p90,p79,1
e3425,p90,p80,1
e3426,p90,p86,1
e3427,p90,t100,1
e3428,p90,t101,1
e3429,p90,t102,1
e3430,p90,t103,1
e3431,p90,t104,1
e3432,p91,p6,1
e3433,p91,p12,1
e3434,p91,p23,1
e3435,p91,p30,1
e3436,p91,p31,1
e3437,p91,p34,1
e3438,p91,p40,1
e3439,p91,p49,1
e3440,p91,p50,1
e3441,p91,p51,1
e3442,p91,p52,1
e3443,p91,p53,1
e3444,p91,p54,1
e3445,p91,p59,1
e3446,p91,p71,1
e3447,p91,p73,1
e3448,p91,p76,1
e3449,p91,p78,1
e3450,p91,p79,1
e3451,p91,p84,1
e3452,p91,p86,1
e3453,p91,p94,1
e3454,p91,t100,1
e3455,p91,t101,1
e3456,p91,t102,1
e3457,p91,t103,1
e3458,p91,t104,1
e3459,p92,p5,1
e3460,p92,p6,1
e3461,p92,p23,1
e3462,p92,p24,1
e3463,p92,p25,1
e3464,p92,p30,1
e3465,p92,p33,1
e3466,p92,p34,1
e3467,p92,p35,1
e3468,p92,p38,1
e3469,p92,p41,1
e3470,p92,p42,1
e3471,p92,p45,1
e3472,p92,p49,1
e3473,p92,p50,1
e3474,p92,p51,1
e3475,p92,p52,1
e3476,p92,p53,1
e3477,p92,p54,1
e3478,p92,p56,1
e3479,p92,p57,1
e3480,p92,p61,1
e3481,p92,p62,1
e3482,p92,p66,1
e3483,p92,p68,1
e3484,p92,p71,1
e3485,p92,p72,1
e3486,p92,p74,1
e3487,p92,p76,1
e3488,p92,p78,1
e3489,p92,p79,1
e3490,p92,p81,1
e3491,p92,p82,1
e3492,p92,p84,1
e3493,p92,p86,1
e3494,p92,p87,1
e3495,p92,p88,1
e3496,p92,p98,1
e3497,p92,t100,1
e3498,p92,t101,1
e3499,p92,t102,1
e3500,p92,t103,1
e3501,p92,t104,1
e3502,p93,p5,1
e3503,p93,p6,1
e3504,p93,p17,1
e3505,p93,p19,1
e3506,p93,p23,1
e3507,p93,p24,1
e3508,p93,p26,1
e3509,p93,p27,1
e3510,p93,p28,1
e3511,p93,p30,1
e3512,p93,p31,1
e3513,p93,p33,1
e3514,p93,p35,1
e3515,p93,p36,1
e3516,p93,p38,1
e3517,p93,p39,1
e3518,p93,p40,1
e3519,p93,p42,1
e3520,p93,p45,1
e3521,p93,p46,1
e3522,p93,p50,1
e3523,p93,p53,1
e3524,p93,p56,1
e3525,p93,p60,1
e3526,p93,p61,1
e3527,p93,p62,1
e3528,p93,p68,1
e3529,p93,p69,1
e3530,p93,p71,1
e3531,p93,p72,1
e3532,p93,p73,1
e3533,p93,p76,1
e3534,p93,p77,1
e3535,p93,p79,1
e3536,p93,p80,1
e3537,p93,p82,1
e3538,p93,p84,1
e3539,p93,p87,1
e3540,p93,p90,1
e3541,p93,p96,1
e3542,p93,p98,1
e3543,p93,t100,1
e3544,p93,t101,1
e3545,p93,t102,1
e3546,p93,t103,1
e3547,p93,t104,1
e3548,p94,p6,1
e3549,p94,p12,1
e3550,p94,p15,1
e3551,p94,p25,1
e3552,p94,p29,1
e3553,p94,p30,1
e3554,p94,p33,1
e3555,p94,p40,1
e3556,p94,p41,1
e3557,p94,p44,1
e3558,p94,p50,1
e3559,p94,p51,1
e3560,p94,p52,1
e3561,p94,p61,1
e3562,p94,p64,1
e3563,p94,p70,1
e3564,p94,p71,1
e3565,p94,p73,1
e3566,p94,p76,1
e3567,p94,p79,1
e3568,p94,p84,1
e3569,p94,p86,1
e3570,p94,t100,1
e3571,p94,t101,1
e3572,p94,t102,1
e3573,p94,t103,1
e3574,p94,t104,1
e3575,p95,p5,1
e3576,p95,p6,1
e3577,p95,p12,1
e3578,p95,p18,1
e3579,p95,p23,1
e3580,p95,p26,1
e3581,p95,p33,1
e3582,p95,p34,1
e3583,p95,p40,1
e3584,p95,p41,1
e3585,p95,p47,1
e3586,p95,p50,1
e3587,p95,p52,1
e3588,p95,p54,1
e3589,p95,p59,1
e3590,p95,p60,1
e3591,p95,p71,1
e3592,p95,p76,1
e3593,p95,p78,1
e3594,p95,p79,1
e3595,p95,p80,1
e3596,p95,p91,1
e3597,p95,t100,1
e3598,p95,t101,1
e3599,p95,t102,1
e3600,p95,t103,1
e3601,p95,t104,1
e3602,p96,p5,1
e3603,p96,p6,1
e3604,p96,p18,1
e3605,p96,p24,1
e3606,p96,p25,1
e3607,p96,p33,1
e3608,p96,p34,1
e3609,p96,p49,1
e3610,p96,p50,1
e3611,p96,p52,1
e3612,p96,p53,1
e3613,p96,p54,1
e3614,p96,p56,1
e3615,p96,p59,1
e3616,p96,p60,1
e3617,p96,p71,1
e3618,p96,p73,1
e3619,p96,p76,1
e3620,p96,p78,1
e3621,p96,p79,1
e3622,p96,p80,1
e3623,p96,p84,1
e3624,p96,p86,1
e3625,p96,p91,1
e3626,p96,t100,1
e3627,p96,t101,1
e3628,p96,t102,1
e3629,p96,t103,1
e3630,p96,t104,1
e3631,p97,p5,1
e3632,p97,p12,1
e3633,p97,p28,1
e3634,p97,p62,1
e3635,p97,p74,1
e3636,p97,p77,1
e3637,p97,p78,1
e3638,p97,p80,1
e3639,p97,p81,1
e3640,p97,p84,1
e3641,p97,p96,1
e3642,p97,t100,1
e3643,p97,t101,1
e3644,p97,t102,1
e3645,p97,t103,1
e3646,p97,t104,1
e3647,p98,p6,1
e3648,p98,p12,1
e3649,p98,p18,1
e3650,p98,p24,1
e3651,p98,p26,1
e3652,p98,p29,1
e3653,p98,p30,1
e3654,p98,p33,1
e3655,p98,p34,1
e3656,p98,p37,1
e3657,p98,p40,1
e3658,p98,p41,1
e3659,p98,p50,1
e3660,p98,p52,1
e3661,p98,p53,1
e3662,p98,p54,1
e3663,p98,p56,1
e3664,p98,p59,1
e3665,p98,p60,1
e3666,p98,p61,1
e3667,p98,p73,1
e3668,p98,p76,1
e3669,p98,p78,1
e3670,p98,p79,1
e3671,p98,p86,1
e3672,p98,p91,1
e3673,p98,t100,1
e3674,p98,t101,1
e3675,p98,t102,1
e3676,p98,t103,1
e3677,p98,t104,1
e3678,p99,p5,1
e3679,p99,p6,1
e3680,p99,p12,1
e3681,p99,p18,1
e3682,p99,p24,1
e3683,p99,p25,1
e3684,p99,p30,1
e3685,p99,p33,1
e3686,p99,p34,1
e3687,p99,p40,1
e3688,p99,p41,1
e3689,p99,p50,1
e3690,p99,p51,1
e3691,p99,p52,1
e3692,p99,p53,1
e3693,p99,p54,1
e3694,p99,p56,1
e3695,p99,p59,1
e3696,p99,p60,1
e3697,p99,p61,1
e3698,p99,p71,1
e3699,p99,p73,1
e3700,p99,p76,1
e3701,p99,p78,1
e3702,p99,p79,1
e3703,p99,p80,1
e3704,p99,p86,1
e3705,p99,t100,1
e3706,p99,t101,1
e3707,p99,t102,1
e3708,p99,t103,1
e3709,p99,t104,1
endEdges
