#Lines starting with a hash, are ignored
problemData
maxChainLength,6
maxCycleLength,3
cycleBonus,0
endProblemData
rootNodes,5
r0
r1
r2
r3
r4
endRootNodes
pairedNodes,95
p5
p6
p7
p8
p9
p10
p11
p12
p13
p14
p15
p16
p17
p18
p19
p20
p21
p22
p23
p24
p25
p26
p27
p28
p29
p30
p31
p32
p33
p34
p35
p36
p37
p38
p39
p40
p41
p42
p43
p44
p45
p46
p47
p48
p49
p50
p51
p52
p53
p54
p55
p56
p57
p58
p59
p60
p61
p62
p63
p64
p65
p66
p67
p68
p69
p70
p71
p72
p73
p74
p75
p76
p77
p78
p79
p80
p81
p82
p83
p84
p85
p86
p87
p88
p89
p90
p91
p92
p93
p94
p95
p96
p97
p98
p99
endPairedNodes
terminalNodes,5
t100
t101
t102
t103
t104
endTerminalNodes
edges,3291
e0,r0,p5,1
e1,r0,p6,1
e2,r0,p8,1
e3,r0,p9,1
e4,r0,p10,1
e5,r0,p11,1
e6,r0,p13,1
e7,r0,p14,1
e8,r0,p16,1
e9,r0,p17,1
e10,r0,p18,1
e11,r0,p19,1
e12,r0,p22,1
e13,r0,p26,1
e14,r0,p29,1
e15,r0,p34,1
e16,r0,p35,1
e17,r0,p44,1
e18,r0,p51,1
e19,r0,p52,1
e20,r0,p53,1
e21,r0,p56,1
e22,r0,p57,1
e23,r0,p59,1
e24,r0,p68,1
e25,r0,p72,1
e26,r0,p74,1
e27,r0,p75,1
e28,r0,p80,1
e29,r0,p84,1
e30,r0,p91,1
e31,r0,p93,1
e32,r0,p94,1
e33,r0,p96,1
e34,r0,t100,1
e35,r0,t101,1
e36,r0,t102,1
e37,r0,t103,1
e38,r0,t104,1
e39,r1,p5,1
e40,r1,p7,1
e41,r1,p8,1
e42,r1,p9,1
e43,r1,p10,1
e44,r1,p11,1
e45,r1,p12,1
e46,r1,p13,1
e47,r1,p16,1
e48,r1,p17,1
e49,r1,p19,1
e50,r1,p21,1
e51,r1,p29,1
e52,r1,p34,1
e53,r1,p35,1
e54,r1,p39,1
e55,r1,p40,1
e56,r1,p43,1
e57,r1,p44,1
e58,r1,p45,1
e59,r1,p52,1
e60,r1,p53,1
e61,r1,p56,1
e62,r1,p59,1
e63,r1,p60,1
e64,r1,p61,1
e65,r1,p62,1
e66,r1,p65,1
e67,r1,p68,1
e68,r1,p71,1
e69,r1,p72,1
e70,r1,p73,1
e71,r1,p74,1
e72,r1,p77,1
e73,r1,p80,1
e74,r1,p85,1
e75,r1,p89,1
e76,r1,p94,1
e77,r1,p99,1
e78,r1,t100,1
e79,r1,t101,1
e80,r1,t102,1
e81,r1,t103,1
e82,r1,t104,1
e83,r2,p16,1
e84,r2,p19,1
e85,r2,p27,1
e86,r2,p29,1
e87,r2,p50,1
e88,r2,p51,1
e89,r2,p52,1
e90,r2,p63,1
e91,r2,p74,1
e92,r2,p79,1
e93,r2,p89,1
e94,r2,p93,1
e95,r2,p94,1
e96,r2,p99,1
e97,r2,t100,1
e98,r2,t101,1
e99,r2,t102,1
e100,r2,t103,1
e101,r2,t104,1
e102,r3,p5,1
e103,r3,p6,1
e104,r3,p7,1
e105,r3,p10,1
e106,r3,p11,1
e107,r3,p16,1
e108,r3,p19,1
e109,r3,p21,1
e110,r3,p24,1
e111,r3,p26,1
e112,r3,p27,1
e113,r3,p29,1
e114,r3,p35,1
e115,r3,p39,1
e116,r3,p40,1
e117,r3,p44,1
e118,r3,p45,1
e119,r3,p48,1
e120,r3,p52,1
e121,r3,p56,1
e122,r3,p57,1
e123,r3,p59,1
e124,r3,p60,1
e125,r3,p61,1
e126,r3,p62,1
e127,r3,p63,1
e128,r3,p65,1
e129,r3,p68,1
e130,r3,p70,1
e131,r3,p71,1
e132,r3,p72,1
e133,r3,p74,1
e134,r3,p75,1
e135,r3,p79,1
e136,r3,p80,1
e137,r3,p84,1
e138,r3,p89,1
e139,r3,p91,1
e140,r3,p94,1
e141,r3,p96,1
e142,r3,p97,1
e143,r3,p99,1
e144,r3,t100,1
e145,r3,t101,1
e146,r3,t102,1
e147,r3,t103,1
e148,r3,t104,1
e149,r4,p5,1
e150,r4,p6,1
e151,r4,p7,1
e152,r4,p8,1
e153,r4,p9,1
e154,r4,p10,1
e155,r4,p11,1
e156,r4,p12,1
e157,r4,p14,1
e158,r4,p16,1
e159,r4,p17,1
e160,r4,p18,1
e161,r4,p19,1
e162,r4,p21,1
e163,r4,p24,1
e164,r4,p27,1
e165,r4,p34,1
e166,r4,p36,1
e167,r4,p37,1
e168,r4,p40,1
e169,r4,p41,1
e170,r4,p43,1
e171,r4,p44,1
e172,r4,p45,1
e173,r4,p48,1
e174,r4,p50,1
e175,r4,p51,1
e176,r4,p52,1
e177,r4,p53,1
e178,r4,p56,1
e179,r4,p57,1
e180,r4,p59,1
e181,r4,p60,1
e182,r4,p61,1
e183,r4,p63,1
e184,r4,p65,1
e185,r4,p68,1
e186,r4,p71,1
e187,r4,p72,1
e188,r4,p74,1
e189,r4,p79,1
e190,r4,p94,1
e191,r4,t100,1
e192,r4,t101,1
e193,r4,t102,1
e194,r4,t103,1
e195,r4,t104,1
e196,p5,p8,1
e197,p5,p9,1
e198,p5,p10,1
e199,p5,p11,1
e200,p5,p12,1
e201,p5,p14,1
e202,p5,p16,1
e203,p5,p17,1
e204,p5,p18,1
e205,p5,p19,1
e206,p5,p21,1
e207,p5,p22,1
e208,p5,p23,1
e209,p5,p24,1
e210,p5,p26,1
e211,p5,p27,1
e212,p5,p28,1
e213,p5,p34,1
e214,p5,p37,1
e215,p5,p39,1
e216,p5,p41,1
e217,p5,p44,1
e218,p5,p50,1
e219,p5,p52,1
e220,p5,p53,1
e221,p5,p56,1
e222,p5,p59,1
e223,p5,p61,1
e224,p5,p62,1
e225,p5,p65,1
e226,p5,p68,1
e227,p5,p72,1
e228,p5,p74,1
e229,p5,p77,1
e230,p5,p79,1
e231,p5,p84,1
e232,p5,p85,1
e233,p5,p89,1
e234,p5,p93,1
e235,p5,p96,1
e236,p5,p99,1
e237,p5,t100,1
e238,p5,t101,1
e239,p5,t102,1
e240,p5,t103,1
e241,p5,t104,1
e242,p6,p12,1
e243,p6,p14,1
e244,p6,p16,1
e245,p6,p19,1
e246,p6,p23,1
e247,p6,p27,1
e248,p6,p29,1
e249,p6,p39,1
e250,p6,p43,1
e251,p6,p48,1
e252,p6,p52,1
e253,p6,p57,1
e254,p6,p63,1
e255,p6,p65,1
e256,p6,p74,1
e257,p6,p77,1
e258,p6,p79,1
e259,p6,p84,1
e260,p6,p85,1
e261,p6,p93,1
e262,p6,t100,1
e263,p6,t101,1
e264,p6,t102,1
e265,p6,t103,1
e266,p6,t104,1
e267,p7,p35,1
e268,p7,p36,1
e269,p7,p48,1
e270,p7,t100,1
e271,p7,t101,1
e272,p7,t102,1
e273,p7,t103,1
e274,p7,t104,1
e275,p8,p16,1
e276,p8,p19,1
e277,p8,p23,1
e278,p8,p29,1
e279,p8,p34,1
e280,p8,p48,1
e281,p8,p51,1
e282,p8,p52,1
e283,p8,p61,1
e284,p8,p70,1
e285,p8,p74,1
e286,p8,p77,1
e287,p8,p80,1
e288,p8,p85,1
e289,p8,p89,1
e290,p8,p94,1
e291,p8,t100,1
e292,p8,t101,1
e293,p8,t102,1
e294,p8,t103,1
e295,p8,t104,1
e296,p9,p7,1
e297,p9,p10,1
e298,p9,p11,1
e299,p9,p12,1
e300,p9,p13,1
e301,p9,p14,1
e302,p9,p16,1
e303,p9,p18,1
e304,p9,p19,1
e305,p9,p21,1
e306,p9,p22,1
e307,p9,p23,1
e308,p9,p34,1
e309,p9,p35,1
e310,p9,p39,1
e311,p9,p41,1
e312,p9,p43,1
e313,p9,p45,1
e314,p9,p51,1
e315,p9,p53,1
e316,p9,p56,1
e317,p9,p59,1
e318,p9,p60,1
e319,p9,p61,1
e320,p9,p62,1
e321,p9,p63,1
e322,p9,p65,1
e323,p9,p68,1
e324,p9,p72,1
e325,p9,p73,1
e326,p9,p74,1
e327,p9,p80,1
e328,p9,p85,1
e329,p9,p94,1
e330,p9,p96,1
e331,p9,p99,1
e332,p9,t100,1
e333,p9,t101,1
e334,p9,t102,1
e335,p9,t103,1
e336,p9,t104,1
e337,p10,p5,1
e338,p10,p8,1
e339,p10,p11,1
e340,p10,p12,1
e341,p10,p13,1
e342,p10,p14,1
e343,p10,p15,1
e344,p10,p16,1
e345,p10,p19,1
e346,p10,p20,1
e347,p10,p21,1
e348,p10,p22,1
e349,p10,p24,1
e350,p10,p25,1
e351,p10,p26,1
e352,p10,p28,1
e353,p10,p30,1
e354,p10,p34,1
e355,p10,p39,1
e356,p10,p40,1
e357,p10,p41,1
e358,p10,p43,1
e359,p10,p44,1
e360,p10,p45,1
e361,p10,p46,1
e362,p10,p47,1
e363,p10,p52,1
e364,p10,p53,1
e365,p10,p56,1
e366,p10,p58,1
e367,p10,p59,1
e368,p10,p62,1
e369,p10,p65,1
e370,p10,p67,1
e371,p10,p68,1
e372,p10,p71,1
e373,p10,p72,1
e374,p10,p74,1
e375,p10,p76,1
e376,p10,p77,1
e377,p10,p79,1
e378,p10,p80,1
e379,p10,p81,1
e380,p10,p83,1
e381,p10,p85,1
e382,p10,p86,1
e383,p10,p89,1
e384,p10,p94,1
e385,p10,p98,1
e386,p10,p99,1
e387,p10,t100,1
e388,p10,t101,1
e389,p10,t102,1
e390,p10,t103,1
e391,p10,t104,1
e392,p11,p12,1
e393,p11,p16,1
e394,p11,p19,1
e395,p11,p39,1
e396,p11,p43,1
e397,p11,p48,1
e398,p11,p50,1
e399,p11,p51,1
e400,p11,p52,1
e401,p11,p57,1
e402,p11,p61,1
e403,p11,p63,1
e404,p11,p64,1
e405,p11,p74,1
e406,p11,p80,1
e407,p11,p84,1
e408,p11,p89,1
e409,p11,p99,1
e410,p11,t100,1
e411,p11,t101,1
e412,p11,t102,1
e413,p11,t103,1
e414,p11,t104,1
e415,p12,p16,1
e416,p12,p19,1
e417,p12,p23,1
e418,p12,p27,1
e419,p12,p34,1
e420,p12,p43,1
e421,p12,p48,1
e422,p12,p51,1
e423,p12,p57,1
e424,p12,p61,1
e425,p12,p63,1
e426,p12,p74,1
e427,p12,p77,1
e428,p12,p79,1
e429,p12,p80,1
e430,p12,p85,1
e431,p12,p94,1
e432,p12,p95,1
e433,p12,p99,1
e434,p12,t100,1
e435,p12,t101,1
e436,p12,t102,1
e437,p12,t103,1
e438,p12,t104,1
e439,p13,p6,1
e440,p13,p7,1
e441,p13,p8,1
e442,p13,p9,1
e443,p13,p10,1
e444,p13,p11,1
e445,p13,p14,1
e446,p13,p16,1
e447,p13,p17,1
e448,p13,p18,1
e449,p13,p19,1
e450,p13,p23,1
e451,p13,p24,1
e452,p13,p27,1
e453,p13,p35,1
e454,p13,p37,1
e455,p13,p40,1
e456,p13,p43,1
e457,p13,p44,1
e458,p13,p50,1
e459,p13,p51,1
e460,p13,p52,1
e461,p13,p56,1
e462,p13,p59,1
e463,p13,p60,1
e464,p13,p68,1
e465,p13,p71,1
e466,p13,p72,1
e467,p13,p74,1
e468,p13,p89,1
e469,p13,p91,1
e470,p13,p93,1
e471,p13,p94,1
e472,p13,p95,1
e473,p13,p99,1
e474,p13,t100,1
e475,p13,t101,1
e476,p13,t102,1
e477,p13,t103,1
e478,p13,t104,1
e479,p14,p5,1
e480,p14,p6,1
e481,p14,p7,1
e482,p14,p9,1
e483,p14,p10,1
e484,p14,p13,1
e485,p14,p16,1
e486,p14,p17,1
e487,p14,p18,1
e488,p14,p19,1
e489,p14,p21,1
e490,p14,p23,1
e491,p14,p26,1
e492,p14,p27,1
e493,p14,p28,1
e494,p14,p29,1
e495,p14,p36,1
e496,p14,p40,1
e497,p14,p44,1
e498,p14,p45,1
e499,p14,p50,1
e500,p14,p51,1
e501,p14,p52,1
e502,p14,p56,1
e503,p14,p57,1
e504,p14,p60,1
e505,p14,p64,1
e506,p14,p68,1
e507,p14,p71,1
e508,p14,p72,1
e509,p14,p74,1
e510,p14,p75,1
e511,p14,p77,1
e512,p14,p79,1
e513,p14,p80,1
e514,p14,p84,1
e515,p14,p89,1
e516,p14,p94,1
e517,p14,p96,1
e518,p14,t100,1
e519,p14,t101,1
e520,p14,t102,1
e521,p14,t103,1
e522,p14,t104,1
e523,p15,p5,1
e524,p15,p6,1
e525,p15,p8,1
e526,p15,p9,1
e527,p15,p10,1
e528,p15,p11,1
e529,p15,p12,1
e530,p15,p13,1
e531,p15,p14,1
e532,p15,p16,1
e533,p15,p17,1
e534,p15,p19,1
e535,p15,p20,1
e536,p15,p21,1
e537,p15,p24,1
e538,p15,p25,1
e539,p15,p26,1
e540,p15,p27,1
e541,p15,p28,1
e542,p15,p29,1
e543,p15,p30,1
e544,p15,p34,1
e545,p15,p37,1
e546,p15,p38,1
e547,p15,p43,1
e548,p15,p44,1
e549,p15,p46,1
e550,p15,p47,1
e551,p15,p50,1
e552,p15,p51,1
e553,p15,p53,1
e554,p15,p55,1
e555,p15,p56,1
e556,p15,p62,1
e557,p15,p63,1
e558,p15,p67,1
e559,p15,p68,1
e560,p15,p70,1
e561,p15,p71,1
e562,p15,p72,1
e563,p15,p74,1
e564,p15,p75,1
e565,p15,p76,1
e566,p15,p79,1
e567,p15,p81,1
e568,p15,p84,1
e569,p15,p86,1
e570,p15,p89,1
e571,p15,p91,1
e572,p15,p92,1
e573,p15,p93,1
e574,p15,p98,1
e575,p15,p99,1
e576,p15,t100,1
e577,p15,t101,1
e578,p15,t102,1
e579,p15,t103,1
e580,p15,t104,1
e581,p16,p12,1
e582,p16,p14,1
e583,p16,p19,1
e584,p16,p29,1
e585,p16,p34,1
e586,p16,p39,1
e587,p16,p57,1
e588,p16,p61,1
e589,p16,p63,1
e590,p16,p74,1
e591,p16,p77,1
e592,p16,p79,1
e593,p16,p80,1
e594,p16,p84,1
e595,p16,p85,1
e596,p16,p89,1
e597,p16,p95,1
e598,p16,p99,1
e599,p16,t100,1
e600,p16,t101,1
e601,p16,t102,1
e602,p16,t103,1
e603,p16,t104,1
e604,p17,p9,1
e605,p17,p10,1
e606,p17,p11,1
e607,p17,p12,1
e608,p17,p16,1
e609,p17,p18,1
e610,p17,p23,1
e611,p17,p26,1
e612,p17,p28,1
e613,p17,p34,1
e614,p17,p37,1
e615,p17,p39,1
e616,p17,p41,1
e617,p17,p44,1
e618,p17,p48,1
e619,p17,p50,1
e620,p17,p52,1
e621,p17,p56,1
e622,p17,p59,1
e623,p17,p60,1
e624,p17,p61,1
e625,p17,p64,1
e626,p17,p68,1
e627,p17,p71,1
e628,p17,p72,1
e629,p17,p74,1
e630,p17,p75,1
e631,p17,p79,1
e632,p17,p80,1
e633,p17,p85,1
e634,p17,p94,1
e635,p17,p95,1
e636,p17,p96,1
e637,p17,t100,1
e638,p17,t101,1
e639,p17,t102,1
e640,p17,t103,1
e641,p17,t104,1
e642,p18,p20,1
e643,p18,p53,1
e644,p18,p58,1
e645,p18,t100,1
e646,p18,t101,1
e647,p18,t102,1
e648,p18,t103,1
e649,p18,t104,1
e650,p19,p12,1
e651,p19,p14,1
e652,p19,p16,1
e653,p19,p20,1
e654,p19,p27,1
e655,p19,p34,1
e656,p19,p43,1
e657,p19,p48,1
e658,p19,p50,1
e659,p19,p52,1
e660,p19,p61,1
e661,p19,p63,1
e662,p19,p65,1
e663,p19,p67,1
e664,p19,p74,1
e665,p19,p80,1
e666,p19,p84,1
e667,p19,p85,1
e668,p19,p93,1
e669,p19,p94,1
e670,p19,p99,1
e671,p19,t100,1
e672,p19,t101,1
e673,p19,t102,1
e674,p19,t103,1
e675,p19,t104,1
e676,p20,p5,1
e677,p20,p6,1
e678,p20,p7,1
e679,p20,p8,1
e680,p20,p9,1
e681,p20,p10,1
e682,p20,p11,1
e683,p20,p12,1
e684,p20,p13,1
e685,p20,p14,1
e686,p20,p16,1
e687,p20,p17,1
e688,p20,p19,1
e689,p20,p21,1
e690,p20,p23,1
e691,p20,p24,1
e692,p20,p26,1
e693,p20,p28,1
e694,p20,p29,1
e695,p20,p35,1
e696,p20,p37,1
e697,p20,p39,1
e698,p20,p40,1
e699,p20,p41,1
e700,p20,p43,1
e701,p20,p44,1
e702,p20,p50,1
e703,p20,p52,1
e704,p20,p56,1
e705,p20,p57,1
e706,p20,p59,1
e707,p20,p60,1
e708,p20,p63,1
e709,p20,p65,1
e710,p20,p68,1
e711,p20,p71,1
e712,p20,p72,1
e713,p20,p74,1
e714,p20,p77,1
e715,p20,p79,1
e716,p20,p84,1
e717,p20,p85,1
e718,p20,p87,1
e719,p20,p89,1
e720,p20,p91,1
e721,p20,p93,1
e722,p20,p94,1
e723,p20,p96,1
e724,p20,t100,1
e725,p20,t101,1
e726,p20,t102,1
e727,p20,t103,1
e728,p20,t104,1
e729,p21,p7,1
e730,p21,p8,1
e731,p21,p9,1
e732,p21,p10,1
e733,p21,p11,1
e734,p21,p12,1
e735,p21,p13,1
e736,p21,p16,1
e737,p21,p17,1
e738,p21,p18,1
e739,p21,p19,1
e740,p21,p22,1
e741,p21,p23,1
e742,p21,p26,1
e743,p21,p27,1
e744,p21,p28,1
e745,p21,p31,1
e746,p21,p34,1
e747,p21,p37,1
e748,p21,p39,1
e749,p21,p44,1
e750,p21,p45,1
e751,p21,p50,1
e752,p21,p51,1
e753,p21,p53,1
e754,p21,p56,1
e755,p21,p57,1
e756,p21,p61,1
e757,p21,p62,1
e758,p21,p63,1
e759,p21,p68,1
e760,p21,p70,1
e761,p21,p72,1
e762,p21,p74,1
e763,p21,p75,1
e764,p21,p77,1
e765,p21,p78,1
e766,p21,p79,1
e767,p21,p80,1
e768,p21,p84,1
e769,p21,p89,1
e770,p21,p93,1
e771,p21,p94,1
e772,p21,p95,1
e773,p21,p96,1
e774,p21,t100,1
e775,p21,t101,1
e776,p21,t102,1
e777,p21,t103,1
e778,p21,t104,1
e779,p22,p12,1
e780,p22,p14,1
e781,p22,p16,1
e782,p22,p19,1
e783,p22,p23,1
e784,p22,p34,1
e785,p22,p39,1
e786,p22,p43,1
e787,p22,p48,1
e788,p22,p50,1
e789,p22,p51,1
e790,p22,p52,1
e791,p22,p61,1
e792,p22,p63,1
e793,p22,p65,1
e794,p22,p74,1
e795,p22,p77,1
e796,p22,p80,1
e797,p22,p85,1
e798,p22,p89,1
e799,p22,p93,1
e800,p22,p94,1
e801,p22,p99,1
e802,p22,t100,1
e803,p22,t101,1
e804,p22,t102,1
e805,p22,t103,1
e806,p22,t104,1
e807,p23,p8,1
e808,p23,p10,1
e809,p23,p11,1
e810,p23,p13,1
e811,p23,p15,1
e812,p23,p16,1
e813,p23,p17,1
e814,p23,p19,1
e815,p23,p20,1
e816,p23,p24,1
e817,p23,p25,1
e818,p23,p26,1
e819,p23,p29,1
e820,p23,p30,1
e821,p23,p35,1
e822,p23,p37,1
e823,p23,p39,1
e824,p23,p41,1
e825,p23,p44,1
e826,p23,p46,1
e827,p23,p47,1
e828,p23,p48,1
e829,p23,p49,1
e830,p23,p50,1
e831,p23,p51,1
e832,p23,p52,1
e833,p23,p53,1
e834,p23,p56,1
e835,p23,p57,1
e836,p23,p58,1
e837,p23,p60,1
e838,p23,p61,1
e839,p23,p62,1
e840,p23,p63,1
e841,p23,p67,1
e842,p23,p68,1
e843,p23,p72,1
e844,p23,p74,1
e845,p23,p75,1
e846,p23,p79,1
e847,p23,p83,1
e848,p23,p86,1
e849,p23,p90,1
e850,p23,p92,1
e851,p23,p93,1
e852,p23,t100,1
e853,p23,t101,1
e854,p23,t102,1
e855,p23,t103,1
e856,p23,t104,1
e857,p24,p6,1
e858,p24,p7,1
e859,p24,p9,1
e860,p24,p10,1
e861,p24,p11,1
e862,p24,p12,1
e863,p24,p13,1
e864,p24,p14,1
e865,p24,p16,1
e866,p24,p19,1
e867,p24,p21,1
e868,p24,p26,1
e869,p24,p27,1
e870,p24,p28,1
e871,p24,p29,1
e872,p24,p33,1
e873,p24,p34,1
e874,p24,p35,1
e875,p24,p36,1
e876,p24,p41,1
e877,p24,p44,1
e878,p24,p45,1
e879,p24,p50,1
e880,p24,p51,1
e881,p24,p52,1
e882,p24,p53,1
e883,p24,p56,1
e884,p24,p57,1
e885,p24,p60,1
e886,p24,p63,1
e887,p24,p65,1
e888,p24,p68,1
e889,p24,p71,1
e890,p24,p72,1
e891,p24,p74,1
e892,p24,p75,1
e893,p24,p77,1
e894,p24,p79,1
e895,p24,p84,1
e896,p24,p85,1
e897,p24,p87,1
e898,p24,p89,1
e899,p24,p91,1
e900,p24,p93,1
e901,p24,p95,1
e902,p24,p96,1
e903,p24,p99,1
e904,p24,t100,1
e905,p24,t101,1
e906,p24,t102,1
e907,p24,t103,1
e908,p24,t104,1
e909,p25,p16,1
e910,p25,p19,1
e911,p25,p29,1
e912,p25,p34,1
e913,p25,p39,1
e914,p25,p43,1
e915,p25,p50,1
e916,p25,p51,1
e917,p25,p52,1
e918,p25,p57,1
e919,p25,p61,1
e920,p25,p63,1
e921,p25,p65,1
e922,p25,p66,1
e923,p25,p74,1
e924,p25,p77,1
e925,p25,p80,1
e926,p25,p82,1
e927,p25,p84,1
e928,p25,p89,1
e929,p25,p93,1
e930,p25,p99,1
e931,p25,t100,1
e932,p25,t101,1
e933,p25,t102,1
e934,p25,t103,1
e935,p25,t104,1
e936,p26,p16,1
e937,p26,p19,1
e938,p26,p27,1
e939,p26,p29,1
e940,p26,p34,1
e941,p26,p39,1
e942,p26,p48,1
e943,p26,p50,1
e944,p26,p52,1
e945,p26,p57,1
e946,p26,p61,1
e947,p26,p63,1
e948,p26,p74,1
e949,p26,p79,1
e950,p26,p85,1
e951,p26,p89,1
e952,p26,p93,1
e953,p26,p95,1
e954,p26,p99,1
e955,p26,t100,1
e956,p26,t101,1
e957,p26,t102,1
e958,p26,t103,1
e959,p26,t104,1
e960,p27,p29,1
e961,p27,p35,1
e962,p27,t100,1
e963,p27,t101,1
e964,p27,t102,1
e965,p27,t103,1
e966,p27,t104,1
e967,p28,p5,1
e968,p28,p7,1
e969,p28,p8,1
e970,p28,p9,1
e971,p28,p10,1
e972,p28,p11,1
e973,p28,p13,1
e974,p28,p16,1
e975,p28,p19,1
e976,p28,p21,1
e977,p28,p22,1
e978,p28,p23,1
e979,p28,p34,1
e980,p28,p35,1
e981,p28,p37,1
e982,p28,p39,1
e983,p28,p41,1
e984,p28,p43,1
e985,p28,p45,1
e986,p28,p48,1
e987,p28,p52,1
e988,p28,p56,1
e989,p28,p57,1
e990,p28,p59,1
e991,p28,p61,1
e992,p28,p65,1
e993,p28,p68,1
e994,p28,p71,1
e995,p28,p72,1
e996,p28,p74,1
e997,p28,p79,1
e998,p28,p80,1
e999,p28,p84,1
e1000,p28,p85,1
e1001,p28,p91,1
e1002,p28,p93,1
e1003,p28,p94,1
e1004,p28,p95,1
e1005,p28,p99,1
e1006,p28,t100,1
e1007,p28,t101,1
e1008,p28,t102,1
e1009,p28,t103,1
e1010,p28,t104,1
e1011,p29,p6,1
e1012,p29,p7,1
e1013,p29,p10,1
e1014,p29,p11,1
e1015,p29,p13,1
e1016,p29,p14,1
e1017,p29,p16,1
e1018,p29,p18,1
e1019,p29,p19,1
e1020,p29,p21,1
e1021,p29,p23,1
e1022,p29,p24,1
e1023,p29,p26,1
e1024,p29,p27,1
e1025,p29,p32,1
e1026,p29,p34,1
e1027,p29,p35,1
e1028,p29,p37,1
e1029,p29,p39,1
e1030,p29,p41,1
e1031,p29,p45,1
e1032,p29,p56,1
e1033,p29,p57,1
e1034,p29,p60,1
e1035,p29,p62,1
e1036,p29,p63,1
e1037,p29,p65,1
e1038,p29,p68,1
e1039,p29,p72,1
e1040,p29,p74,1
e1041,p29,p79,1
e1042,p29,p82,1
e1043,p29,p84,1
e1044,p29,p89,1
e1045,p29,p91,1
e1046,p29,p94,1
e1047,p29,p96,1
e1048,p29,t100,1
e1049,p29,t101,1
e1050,p29,t102,1
e1051,p29,t103,1
e1052,p29,t104,1
e1053,p30,p14,1
e1054,p30,p16,1
e1055,p30,p19,1
e1056,p30,p23,1
e1057,p30,p27,1
e1058,p30,p29,1
e1059,p30,p34,1
e1060,p30,p43,1
e1061,p30,p48,1
e1062,p30,p50,1
e1063,p30,p51,1
e1064,p30,p57,1
e1065,p30,p65,1
e1066,p30,p74,1
e1067,p30,p77,1
e1068,p30,p79,1
e1069,p30,p82,1
e1070,p30,p84,1
e1071,p30,p85,1
e1072,p30,p89,1
e1073,p30,p95,1
e1074,p30,t100,1
e1075,p30,t101,1
e1076,p30,t102,1
e1077,p30,t103,1
e1078,p30,t104,1
e1079,p31,p8,1
e1080,p31,p10,1
e1081,p31,p11,1
e1082,p31,p12,1
e1083,p31,p13,1
e1084,p31,p16,1
e1085,p31,p19,1
e1086,p31,p22,1
e1087,p31,p24,1
e1088,p31,p26,1
e1089,p31,p27,1
e1090,p31,p35,1
e1091,p31,p37,1
e1092,p31,p39,1
e1093,p31,p41,1
e1094,p31,p44,1
e1095,p31,p45,1
e1096,p31,p50,1
e1097,p31,p56,1
e1098,p31,p57,1
e1099,p31,p59,1
e1100,p31,p61,1
e1101,p31,p62,1
e1102,p31,p63,1
e1103,p31,p65,1
e1104,p31,p68,1
e1105,p31,p71,1
e1106,p31,p72,1
e1107,p31,p74,1
e1108,p31,p75,1
e1109,p31,p77,1
e1110,p31,p79,1
e1111,p31,p80,1
e1112,p31,p84,1
e1113,p31,p85,1
e1114,p31,p91,1
e1115,p31,p94,1
e1116,p31,p96,1
e1117,p31,t100,1
e1118,p31,t101,1
e1119,p31,t102,1
e1120,p31,t103,1
e1121,p31,t104,1
e1122,p32,p6,1
e1123,p32,p9,1
e1124,p32,p10,1
e1125,p32,p11,1
e1126,p32,p16,1
e1127,p32,p18,1
e1128,p32,p19,1
e1129,p32,p22,1
e1130,p32,p23,1
e1131,p32,p26,1
e1132,p32,p28,1
e1133,p32,p34,1
e1134,p32,p35,1
e1135,p32,p39,1
e1136,p32,p40,1
e1137,p32,p41,1
e1138,p32,p42,1
e1139,p32,p43,1
e1140,p32,p44,1
e1141,p32,p45,1
e1142,p32,p48,1
e1143,p32,p50,1
e1144,p32,p52,1
e1145,p32,p56,1
e1146,p32,p57,1
e1147,p32,p60,1
e1148,p32,p61,1
e1149,p32,p62,1
e1150,p32,p64,1
e1151,p32,p65,1
e1152,p32,p68,1
e1153,p32,p72,1
e1154,p32,p74,1
e1155,p32,p80,1
e1156,p32,p82,1
e1157,p32,p85,1
e1158,p32,p89,1
e1159,p32,p91,1
e1160,p32,p96,1
e1161,p32,p99,1
e1162,p32,t100,1
e1163,p32,t101,1
e1164,p32,t102,1
e1165,p32,t103,1
e1166,p32,t104,1
e1167,p33,p16,1
e1168,p33,p19,1
e1169,p33,p27,1
e1170,p33,p29,1
e1171,p33,p48,1
e1172,p33,p51,1
e1173,p33,p52,1
e1174,p33,p57,1
e1175,p33,p61,1
e1176,p33,p65,1
e1177,p33,p73,1
e1178,p33,p74,1
e1179,p33,p79,1
e1180,p33,p80,1
e1181,p33,p82,1
e1182,p33,p84,1
e1183,p33,p85,1
e1184,p33,p93,1
e1185,p33,t100,1
e1186,p33,t101,1
e1187,p33,t102,1
e1188,p33,t103,1
e1189,p33,t104,1
e1190,p34,p5,1
e1191,p34,p6,1
e1192,p34,p7,1
e1193,p34,p8,1
e1194,p34,p10,1
e1195,p34,p11,1
e1196,p34,p12,1
e1197,p34,p14,1
e1198,p34,p16,1
e1199,p34,p18,1
e1200,p34,p19,1
e1201,p34,p22,1
e1202,p34,p26,1
e1203,p34,p27,1
e1204,p34,p28,1
e1205,p34,p29,1
e1206,p34,p35,1
e1207,p34,p37,1
e1208,p34,p40,1
e1209,p34,p41,1
e1210,p34,p42,1
e1211,p34,p44,1
e1212,p34,p50,1
e1213,p34,p51,1
e1214,p34,p53,1
e1215,p34,p56,1
e1216,p34,p57,1
e1217,p34,p59,1
e1218,p34,p61,1
e1219,p34,p62,1
e1220,p34,p65,1
e1221,p34,p68,1
e1222,p34,p71,1
e1223,p34,p72,1
e1224,p34,p73,1
e1225,p34,p74,1
e1226,p34,p75,1
e1227,p34,p77,1
e1228,p34,p79,1
e1229,p34,p84,1
e1230,p34,p93,1
e1231,p34,p94,1
e1232,p34,p96,1
e1233,p34,p97,1
e1234,p34,p99,1
e1235,p34,t100,1
e1236,p34,t101,1
e1237,p34,t102,1
e1238,p34,t103,1
e1239,p34,t104,1
e1240,p35,p12,1
e1241,p35,p16,1
e1242,p35,p19,1
e1243,p35,p27,1
e1244,p35,p29,1
e1245,p35,p39,1
e1246,p35,p43,1
e1247,p35,p48,1
e1248,p35,p50,1
e1249,p35,p51,1
e1250,p35,p52,1
e1251,p35,p57,1
e1252,p35,p61,1
e1253,p35,p63,1
e1254,p35,p64,1
e1255,p35,p65,1
e1256,p35,p74,1
e1257,p35,p77,1
e1258,p35,p79,1
e1259,p35,p84,1
e1260,p35,p85,1
e1261,p35,p94,1
e1262,p35,p99,1
e1263,p35,t100,1
e1264,p35,t101,1
e1265,p35,t102,1
e1266,p35,t103,1
e1267,p35,t104,1
e1268,p36,p5,1
e1269,p36,p6,1
e1270,p36,p7,1
e1271,p36,p8,1
e1272,p36,p10,1
e1273,p36,p11,1
e1274,p36,p13,1
e1275,p36,p16,1
e1276,p36,p17,1
e1277,p36,p18,1
e1278,p36,p19,1
e1279,p36,p21,1
e1280,p36,p29,1
e1281,p36,p32,1
e1282,p36,p34,1
e1283,p36,p37,1
e1284,p36,p43,1
e1285,p36,p44,1
e1286,p36,p50,1
e1287,p36,p51,1
e1288,p36,p52,1
e1289,p36,p56,1
e1290,p36,p57,1
e1291,p36,p62,1
e1292,p36,p68,1
e1293,p36,p71,1
e1294,p36,p72,1
e1295,p36,p74,1
e1296,p36,p75,1
e1297,p36,p77,1
e1298,p36,p78,1
e1299,p36,p79,1
e1300,p36,p82,1
e1301,p36,p84,1
e1302,p36,p89,1
e1303,p36,p91,1
e1304,p36,p93,1
e1305,p36,p94,1
e1306,p36,p96,1
e1307,p36,p99,1
e1308,p36,t100,1
e1309,p36,t101,1
e1310,p36,t102,1
e1311,p36,t103,1
e1312,p36,t104,1
e1313,p37,p6,1
e1314,p37,p7,1
e1315,p37,p9,1
e1316,p37,p10,1
e1317,p37,p11,1
e1318,p37,p12,1
e1319,p37,p13,1
e1320,p37,p16,1
e1321,p37,p17,1
e1322,p37,p18,1
e1323,p37,p19,1
e1324,p37,p22,1
e1325,p37,p23,1
e1326,p37,p26,1
e1327,p37,p35,1
e1328,p37,p39,1
e1329,p37,p43,1
e1330,p37,p44,1
e1331,p37,p45,1
e1332,p37,p48,1
e1333,p37,p51,1
e1334,p37,p52,1
e1335,p37,p56,1
e1336,p37,p57,1
e1337,p37,p61,1
e1338,p37,p63,1
e1339,p37,p65,1
e1340,p37,p68,1
e1341,p37,p71,1
e1342,p37,p72,1
e1343,p37,p74,1
e1344,p37,p75,1
e1345,p37,p77,1
e1346,p37,p79,1
e1347,p37,p82,1
e1348,p37,p84,1
e1349,p37,p85,1
e1350,p37,p89,1
e1351,p37,p91,1
e1352,p37,p93,1
e1353,p37,p94,1
e1354,p37,p96,1
e1355,p37,t100,1
e1356,p37,t101,1
e1357,p37,t102,1
e1358,p37,t103,1
e1359,p37,t104,1
e1360,p38,p10,1
e1361,p38,p11,1
e1362,p38,p14,1
e1363,p38,p16,1
e1364,p38,p17,1
e1365,p38,p19,1
e1366,p38,p21,1
e1367,p38,p22,1
e1368,p38,p23,1
e1369,p38,p26,1
e1370,p38,p29,1
e1371,p38,p35,1
e1372,p38,p37,1
e1373,p38,p39,1
e1374,p38,p43,1
e1375,p38,p44,1
e1376,p38,p53,1
e1377,p38,p56,1
e1378,p38,p57,1
e1379,p38,p59,1
e1380,p38,p60,1
e1381,p38,p62,1
e1382,p38,p63,1
e1383,p38,p65,1
e1384,p38,p66,1
e1385,p38,p68,1
e1386,p38,p71,1
e1387,p38,p72,1
e1388,p38,p74,1
e1389,p38,p85,1
e1390,p38,p94,1
e1391,p38,p99,1
e1392,p38,t100,1
e1393,p38,t101,1
e1394,p38,t102,1
e1395,p38,t103,1
e1396,p38,t104,1
e1397,p39,p6,1
e1398,p39,p7,1
e1399,p39,p8,1
e1400,p39,p9,1
e1401,p39,p10,1
e1402,p39,p11,1
e1403,p39,p12,1
e1404,p39,p14,1
e1405,p39,p16,1
e1406,p39,p17,1
e1407,p39,p18,1
e1408,p39,p19,1
e1409,p39,p21,1
e1410,p39,p22,1
e1411,p39,p24,1
e1412,p39,p27,1
e1413,p39,p29,1
e1414,p39,p31,1
e1415,p39,p35,1
e1416,p39,p43,1
e1417,p39,p44,1
e1418,p39,p52,1
e1419,p39,p53,1
e1420,p39,p56,1
e1421,p39,p60,1
e1422,p39,p62,1
e1423,p39,p68,1
e1424,p39,p71,1
e1425,p39,p72,1
e1426,p39,p74,1
e1427,p39,p75,1
e1428,p39,p77,1
e1429,p39,p78,1
e1430,p39,p93,1
e1431,p39,p96,1
e1432,p39,p99,1
e1433,p39,t100,1
e1434,p39,t101,1
e1435,p39,t102,1
e1436,p39,t103,1
e1437,p39,t104,1
e1438,p40,p5,1
e1439,p40,p7,1
e1440,p40,p9,1
e1441,p40,p10,1
e1442,p40,p11,1
e1443,p40,p12,1
e1444,p40,p13,1
e1445,p40,p14,1
e1446,p40,p16,1
e1447,p40,p17,1
e1448,p40,p18,1
e1449,p40,p19,1
e1450,p40,p21,1
e1451,p40,p22,1
e1452,p40,p23,1
e1453,p40,p24,1
e1454,p40,p27,1
e1455,p40,p29,1
e1456,p40,p34,1
e1457,p40,p35,1
e1458,p40,p37,1
e1459,p40,p43,1
e1460,p40,p44,1
e1461,p40,p48,1
e1462,p40,p51,1
e1463,p40,p52,1
e1464,p40,p53,1
e1465,p40,p56,1
e1466,p40,p57,1
e1467,p40,p59,1
e1468,p40,p60,1
e1469,p40,p63,1
e1470,p40,p65,1
e1471,p40,p68,1
e1472,p40,p71,1
e1473,p40,p72,1
e1474,p40,p74,1
e1475,p40,p80,1
e1476,p40,p96,1
e1477,p40,t100,1
e1478,p40,t101,1
e1479,p40,t102,1
e1480,p40,t103,1
e1481,p40,t104,1
e1482,p41,p14,1
e1483,p41,p16,1
e1484,p41,p19,1
e1485,p41,p23,1
e1486,p41,p27,1
e1487,p41,p34,1
e1488,p41,p39,1
e1489,p41,p61,1
e1490,p41,p63,1
e1491,p41,p65,1
e1492,p41,p73,1
e1493,p41,p74,1
e1494,p41,p77,1
e1495,p41,p79,1
e1496,p41,p80,1
e1497,p41,p93,1
e1498,p41,p94,1
e1499,p41,p99,1
e1500,p41,t100,1
e1501,p41,t101,1
e1502,p41,t102,1
e1503,p41,t103,1
e1504,p41,t104,1
e1505,p42,p28,1
e1506,p42,p29,1
e1507,p42,p48,1
e1508,p42,p53,1
e1509,p42,t100,1
e1510,p42,t101,1
e1511,p42,t102,1
e1512,p42,t103,1
e1513,p42,t104,1
e1514,p43,p5,1
e1515,p43,p6,1
e1516,p43,p7,1
e1517,p43,p8,1
e1518,p43,p10,1
e1519,p43,p11,1
e1520,p43,p13,1
e1521,p43,p14,1
e1522,p43,p15,1
e1523,p43,p16,1
e1524,p43,p18,1
e1525,p43,p19,1
e1526,p43,p20,1
e1527,p43,p22,1
e1528,p43,p23,1
e1529,p43,p25,1
e1530,p43,p26,1
e1531,p43,p27,1
e1532,p43,p28,1
e1533,p43,p30,1
e1534,p43,p34,1
e1535,p43,p35,1
e1536,p43,p37,1
e1537,p43,p38,1
e1538,p43,p39,1
e1539,p43,p40,1
e1540,p43,p41,1
e1541,p43,p46,1
e1542,p43,p50,1
e1543,p43,p51,1
e1544,p43,p52,1
e1545,p43,p55,1
e1546,p43,p56,1
e1547,p43,p57,1
e1548,p43,p58,1
e1549,p43,p59,1
e1550,p43,p60,1
e1551,p43,p61,1
e1552,p43,p62,1
e1553,p43,p65,1
e1554,p43,p68,1
e1555,p43,p71,1
e1556,p43,p72,1
e1557,p43,p74,1
e1558,p43,p76,1
e1559,p43,p77,1
e1560,p43,p79,1
e1561,p43,p80,1
e1562,p43,p81,1
e1563,p43,p84,1
e1564,p43,p86,1
e1565,p43,p88,1
e1566,p43,p89,1
e1567,p43,p93,1
e1568,p43,p94,1
e1569,p43,p98,1
e1570,p43,t100,1
e1571,p43,t101,1
e1572,p43,t102,1
e1573,p43,t103,1
e1574,p43,t104,1
e1575,p44,p5,1
e1576,p44,p6,1
e1577,p44,p7,1
e1578,p44,p8,1
e1579,p44,p10,1
e1580,p44,p11,1
e1581,p44,p16,1
e1582,p44,p19,1
e1583,p44,p21,1
e1584,p44,p22,1
e1585,p44,p26,1
e1586,p44,p28,1
e1587,p44,p29,1
e1588,p44,p32,1
e1589,p44,p35,1
e1590,p44,p37,1
e1591,p44,p39,1
e1592,p44,p40,1
e1593,p44,p41,1
e1594,p44,p43,1
e1595,p44,p45,1
e1596,p44,p53,1
e1597,p44,p56,1
e1598,p44,p59,1
e1599,p44,p60,1
e1600,p44,p62,1
e1601,p44,p63,1
e1602,p44,p68,1
e1603,p44,p72,1
e1604,p44,p74,1
e1605,p44,p79,1
e1606,p44,p80,1
e1607,p44,p85,1
e1608,p44,p89,1
e1609,p44,p93,1
e1610,p44,t100,1
e1611,p44,t101,1
e1612,p44,t102,1
e1613,p44,t103,1
e1614,p44,t104,1
e1615,p45,p5,1
e1616,p45,p6,1
e1617,p45,p8,1
e1618,p45,p9,1
e1619,p45,p10,1
e1620,p45,p11,1
e1621,p45,p13,1
e1622,p45,p14,1
e1623,p45,p16,1
e1624,p45,p17,1
e1625,p45,p19,1
e1626,p45,p21,1
e1627,p45,p23,1
e1628,p45,p24,1
e1629,p45,p28,1
e1630,p45,p29,1
e1631,p45,p34,1
e1632,p45,p35,1
e1633,p45,p40,1
e1634,p45,p43,1
e1635,p45,p44,1
e1636,p45,p48,1
e1637,p45,p50,1
e1638,p45,p51,1
e1639,p45,p56,1
e1640,p45,p59,1
e1641,p45,p60,1
e1642,p45,p61,1
e1643,p45,p62,1
e1644,p45,p63,1
e1645,p45,p64,1
e1646,p45,p65,1
e1647,p45,p68,1
e1648,p45,p72,1
e1649,p45,p74,1
e1650,p45,p75,1
e1651,p45,p77,1
e1652,p45,p79,1
e1653,p45,p84,1
e1654,p45,p85,1
e1655,p45,p89,1
e1656,p45,p91,1
e1657,p45,p93,1
e1658,p45,p94,1
e1659,p45,p96,1
e1660,p45,p97,1
e1661,p45,t100,1
e1662,p45,t101,1
e1663,p45,t102,1
e1664,p45,t103,1
e1665,p45,t104,1
e1666,p46,p7,1
e1667,p46,p8,1
e1668,p46,p9,1
e1669,p46,p10,1
e1670,p46,p11,1
e1671,p46,p12,1
e1672,p46,p14,1
e1673,p46,p16,1
e1674,p46,p19,1
e1675,p46,p24,1
e1676,p46,p29,1
e1677,p46,p35,1
e1678,p46,p37,1
e1679,p46,p39,1
e1680,p46,p41,1
e1681,p46,p45,1
e1682,p46,p50,1
e1683,p46,p52,1
e1684,p46,p53,1
e1685,p46,p56,1
e1686,p46,p60,1
e1687,p46,p61,1
e1688,p46,p63,1
e1689,p46,p65,1
e1690,p46,p68,1
e1691,p46,p71,1
e1692,p46,p72,1
e1693,p46,p73,1
e1694,p46,p74,1
e1695,p46,p77,1
e1696,p46,p85,1
e1697,p46,p89,1
e1698,p46,p93,1
e1699,p46,p94,1
e1700,p46,p95,1
e1701,p46,t100,1
e1702,p46,t101,1
e1703,p46,t102,1
e1704,p46,t103,1
e1705,p46,t104,1
e1706,p47,p12,1
e1707,p47,p14,1
e1708,p47,p16,1
e1709,p47,p19,1
e1710,p47,p23,1
e1711,p47,p42,1
e1712,p47,p50,1
e1713,p47,p51,1
e1714,p47,p52,1
e1715,p47,p57,1
e1716,p47,p61,1
e1717,p47,p63,1
e1718,p47,p65,1
e1719,p47,p74,1
e1720,p47,p79,1
e1721,p47,p80,1
e1722,p47,p84,1
e1723,p47,p85,1
e1724,p47,p93,1
e1725,p47,p99,1
e1726,p47,t100,1
e1727,p47,t101,1
e1728,p47,t102,1
e1729,p47,t103,1
e1730,p47,t104,1
e1731,p48,p16,1
e1732,p48,p19,1
e1733,p48,p23,1
e1734,p48,p27,1
e1735,p48,p29,1
e1736,p48,p34,1
e1737,p48,p39,1
e1738,p48,p43,1
e1739,p48,p51,1
e1740,p48,p52,1
e1741,p48,p61,1
e1742,p48,p65,1
e1743,p48,p74,1
e1744,p48,p77,1
e1745,p48,p79,1
e1746,p48,p84,1
e1747,p48,p89,1
e1748,p48,p93,1
e1749,p48,p94,1
e1750,p48,t100,1
e1751,p48,t101,1
e1752,p48,t102,1
e1753,p48,t103,1
e1754,p48,t104,1
e1755,p49,p12,1
e1756,p49,p14,1
e1757,p49,p16,1
e1758,p49,p19,1
e1759,p49,p23,1
e1760,p49,p27,1
e1761,p49,p29,1
e1762,p49,p43,1
e1763,p49,p63,1
e1764,p49,p65,1
e1765,p49,p74,1
e1766,p49,p77,1
e1767,p49,p79,1
e1768,p49,p80,1
e1769,p49,p84,1
e1770,p49,p99,1
e1771,p49,t100,1
e1772,p49,t101,1
e1773,p49,t102,1
e1774,p49,t103,1
e1775,p49,t104,1
e1776,p50,p14,1
e1777,p50,p16,1
e1778,p50,p19,1
e1779,p50,p20,1
e1780,p50,p23,1
e1781,p50,p27,1
e1782,p50,p43,1
e1783,p50,p48,1
e1784,p50,p51,1
e1785,p50,p52,1
e1786,p50,p57,1
e1787,p50,p64,1
e1788,p50,p65,1
e1789,p50,p67,1
e1790,p50,p74,1
e1791,p50,p77,1
e1792,p50,p79,1
e1793,p50,p82,1
e1794,p50,p85,1
e1795,p50,p89,1
e1796,p50,p90,1
e1797,p50,p92,1
e1798,p50,t100,1
e1799,p50,t101,1
e1800,p50,t102,1
e1801,p50,t103,1
e1802,p50,t104,1
e1803,p51,p14,1
e1804,p51,p16,1
e1805,p51,p19,1
e1806,p51,p23,1
e1807,p51,p27,1
e1808,p51,p34,1
e1809,p51,p48,1
e1810,p51,p50,1
e1811,p51,p52,1
e1812,p51,p61,1
e1813,p51,p63,1
e1814,p51,p74,1
e1815,p51,p77,1
e1816,p51,p79,1
e1817,p51,p85,1
e1818,p51,p93,1
e1819,p51,p94,1
e1820,p51,t100,1
e1821,p51,t101,1
e1822,p51,t102,1
e1823,p51,t103,1
e1824,p51,t104,1
e1825,p52,p29,1
e1826,p52,p48,1
e1827,p52,t100,1
e1828,p52,t101,1
e1829,p52,t102,1
e1830,p52,t103,1
e1831,p52,t104,1
e1832,p53,p5,1
e1833,p53,p6,1
e1834,p53,p7,1
e1835,p53,p10,1
e1836,p53,p11,1
e1837,p53,p12,1
e1838,p53,p15,1
e1839,p53,p16,1
e1840,p53,p19,1
e1841,p53,p20,1
e1842,p53,p22,1
e1843,p53,p23,1
e1844,p53,p26,1
e1845,p53,p28,1
e1846,p53,p29,1
e1847,p53,p30,1
e1848,p53,p34,1
e1849,p53,p35,1
e1850,p53,p37,1
e1851,p53,p38,1
e1852,p53,p39,1
e1853,p53,p40,1
e1854,p53,p41,1
e1855,p53,p42,1
e1856,p53,p43,1
e1857,p53,p45,1
e1858,p53,p46,1
e1859,p53,p47,1
e1860,p53,p49,1
e1861,p53,p51,1
e1862,p53,p52,1
e1863,p53,p55,1
e1864,p53,p56,1
e1865,p53,p59,1
e1866,p53,p60,1
e1867,p53,p61,1
e1868,p53,p62,1
e1869,p53,p63,1
e1870,p53,p65,1
e1871,p53,p67,1
e1872,p53,p68,1
e1873,p53,p71,1
e1874,p53,p72,1
e1875,p53,p74,1
e1876,p53,p77,1
e1877,p53,p83,1
e1878,p53,p85,1
e1879,p53,p86,1
e1880,p53,p89,1
e1881,p53,p91,1
e1882,p53,p92,1
e1883,p53,p98,1
e1884,p53,p99,1
e1885,p53,t100,1
e1886,p53,t101,1
e1887,p53,t102,1
e1888,p53,t103,1
e1889,p53,t104,1
e1890,p54,p14,1
e1891,p54,p16,1
e1892,p54,p19,1
e1893,p54,p23,1
e1894,p54,p27,1
e1895,p54,p34,1
e1896,p54,p39,1
e1897,p54,p42,1
e1898,p54,p48,1
e1899,p54,p57,1
e1900,p54,p61,1
e1901,p54,p63,1
e1902,p54,p65,1
e1903,p54,p74,1
e1904,p54,p80,1
e1905,p54,p84,1
e1906,p54,p89,1
e1907,p54,p93,1
e1908,p54,p94,1
e1909,p54,p99,1
e1910,p54,t100,1
e1911,p54,t101,1
e1912,p54,t102,1
e1913,p54,t103,1
e1914,p54,t104,1
e1915,p55,p12,1
e1916,p55,p14,1
e1917,p55,p16,1
e1918,p55,p19,1
e1919,p55,p27,1
e1920,p55,p29,1
e1921,p55,p39,1
e1922,p55,p43,1
e1923,p55,p48,1
e1924,p55,p63,1
e1925,p55,p74,1
e1926,p55,p77,1
e1927,p55,p79,1
e1928,p55,p80,1
e1929,p55,p82,1
e1930,p55,p84,1
e1931,p55,p85,1
e1932,p55,t100,1
e1933,p55,t101,1
e1934,p55,t102,1
e1935,p55,t103,1
e1936,p55,t104,1
e1937,p56,p5,1
e1938,p56,p7,1
e1939,p56,p10,1
e1940,p56,p11,1
e1941,p56,p14,1
e1942,p56,p15,1
e1943,p56,p16,1
e1944,p56,p17,1
e1945,p56,p18,1
e1946,p56,p19,1
e1947,p56,p20,1
e1948,p56,p21,1
e1949,p56,p22,1
e1950,p56,p24,1
e1951,p56,p25,1
e1952,p56,p27,1
e1953,p56,p28,1
e1954,p56,p29,1
e1955,p56,p30,1
e1956,p56,p33,1
e1957,p56,p37,1
e1958,p56,p38,1
e1959,p56,p39,1
e1960,p56,p40,1
e1961,p56,p41,1
e1962,p56,p43,1
e1963,p56,p46,1
e1964,p56,p47,1
e1965,p56,p49,1
e1966,p56,p50,1
e1967,p56,p51,1
e1968,p56,p52,1
e1969,p56,p53,1
e1970,p56,p55,1
e1971,p56,p57,1
e1972,p56,p58,1
e1973,p56,p65,1
e1974,p56,p67,1
e1975,p56,p68,1
e1976,p56,p72,1
e1977,p56,p74,1
e1978,p56,p75,1
e1979,p56,p76,1
e1980,p56,p79,1
e1981,p56,p86,1
e1982,p56,p88,1
e1983,p56,p89,1
e1984,p56,p90,1
e1985,p56,p91,1
e1986,p56,p93,1
e1987,p56,p94,1
e1988,p56,p96,1
e1989,p56,p99,1
e1990,p56,t100,1
e1991,p56,t101,1
e1992,p56,t102,1
e1993,p56,t103,1
e1994,p56,t104,1
e1995,p57,p12,1
e1996,p57,p16,1
e1997,p57,p19,1
e1998,p57,p27,1
e1999,p57,p39,1
e2000,p57,p43,1
e2001,p57,p48,1
e2002,p57,p61,1
e2003,p57,p63,1
e2004,p57,p65,1
e2005,p57,p70,1
e2006,p57,p79,1
e2007,p57,p80,1
e2008,p57,p84,1
e2009,p57,p93,1
e2010,p57,p94,1
e2011,p57,p99,1
e2012,p57,t100,1
e2013,p57,t101,1
e2014,p57,t102,1
e2015,p57,t103,1
e2016,p57,t104,1
e2017,p58,p5,1
e2018,p58,p6,1
e2019,p58,p7,1
e2020,p58,p8,1
e2021,p58,p9,1
e2022,p58,p10,1
e2023,p58,p11,1
e2024,p58,p14,1
e2025,p58,p16,1
e2026,p58,p17,1
e2027,p58,p18,1
e2028,p58,p19,1
e2029,p58,p21,1
e2030,p58,p23,1
e2031,p58,p24,1
e2032,p58,p28,1
e2033,p58,p29,1
e2034,p58,p34,1
e2035,p58,p37,1
e2036,p58,p39,1
e2037,p58,p40,1
e2038,p58,p41,1
e2039,p58,p44,1
e2040,p58,p45,1
e2041,p58,p56,1
e2042,p58,p57,1
e2043,p58,p59,1
e2044,p58,p60,1
e2045,p58,p62,1
e2046,p58,p65,1
e2047,p58,p68,1
e2048,p58,p71,1
e2049,p58,p72,1
e2050,p58,p74,1
e2051,p58,p77,1
e2052,p58,p82,1
e2053,p58,p84,1
e2054,p58,p85,1
e2055,p58,p89,1
e2056,p58,p94,1
e2057,p58,p96,1
e2058,p58,p99,1
e2059,p58,t100,1
e2060,p58,t101,1
e2061,p58,t102,1
e2062,p58,t103,1
e2063,p58,t104,1
e2064,p59,p6,1
e2065,p59,p7,1
e2066,p59,p8,1
e2067,p59,p9,1
e2068,p59,p10,1
e2069,p59,p11,1
e2070,p59,p13,1
e2071,p59,p14,1
e2072,p59,p16,1
e2073,p59,p17,1
e2074,p59,p18,1
e2075,p59,p19,1
e2076,p59,p24,1
e2077,p59,p26,1
e2078,p59,p27,1
e2079,p59,p35,1
e2080,p59,p37,1
e2081,p59,p39,1
e2082,p59,p41,1
e2083,p59,p42,1
e2084,p59,p43,1
e2085,p59,p44,1
e2086,p59,p45,1
e2087,p59,p51,1
e2088,p59,p56,1
e2089,p59,p57,1
e2090,p59,p60,1
e2091,p59,p61,1
e2092,p59,p62,1
e2093,p59,p68,1
e2094,p59,p70,1
e2095,p59,p71,1
e2096,p59,p74,1
e2097,p59,p75,1
e2098,p59,p80,1
e2099,p59,p82,1
e2100,p59,p84,1
e2101,p59,p89,1
e2102,p59,p91,1
e2103,p59,p99,1
e2104,p59,t100,1
e2105,p59,t101,1
e2106,p59,t102,1
e2107,p59,t103,1
e2108,p59,t104,1
e2109,p60,p12,1
e2110,p60,p16,1
e2111,p60,p23,1
e2112,p60,p43,1
e2113,p60,p52,1
e2114,p60,p63,1
e2115,p60,p65,1
e2116,p60,p74,1
e2117,p60,p77,1
e2118,p60,p79,1
e2119,p60,p80,1
e2120,p60,p84,1
e2121,p60,p93,1
e2122,p60,p99,1
e2123,p60,t100,1
e2124,p60,t101,1
e2125,p60,t102,1
e2126,p60,t103,1
e2127,p60,t104,1
e2128,p61,p7,1
e2129,p61,p10,1
e2130,p61,p11,1
e2131,p61,p12,1
e2132,p61,p13,1
e2133,p61,p14,1
e2134,p61,p16,1
e2135,p61,p17,1
e2136,p61,p18,1
e2137,p61,p19,1
e2138,p61,p26,1
e2139,p61,p27,1
e2140,p61,p29,1
e2141,p61,p34,1
e2142,p61,p35,1
e2143,p61,p37,1
e2144,p61,p39,1
e2145,p61,p40,1
e2146,p61,p48,1
e2147,p61,p50,1
e2148,p61,p52,1
e2149,p61,p56,1
e2150,p61,p63,1
e2151,p61,p66,1
e2152,p61,p68,1
e2153,p61,p71,1
e2154,p61,p72,1
e2155,p61,p74,1
e2156,p61,p77,1
e2157,p61,p79,1
e2158,p61,p95,1
e2159,p61,p99,1
e2160,p61,t100,1
e2161,p61,t101,1
e2162,p61,t102,1
e2163,p61,t103,1
e2164,p61,t104,1
e2165,p62,p6,1
e2166,p62,p8,1
e2167,p62,p10,1
e2168,p62,p11,1
e2169,p62,p12,1
e2170,p62,p13,1
e2171,p62,p14,1
e2172,p62,p16,1
e2173,p62,p19,1
e2174,p62,p21,1
e2175,p62,p22,1
e2176,p62,p23,1
e2177,p62,p24,1
e2178,p62,p26,1
e2179,p62,p28,1
e2180,p62,p34,1
e2181,p62,p37,1
e2182,p62,p39,1
e2183,p62,p40,1
e2184,p62,p41,1
e2185,p62,p50,1
e2186,p62,p56,1
e2187,p62,p57,1
e2188,p62,p59,1
e2189,p62,p60,1
e2190,p62,p61,1
e2191,p62,p65,1
e2192,p62,p68,1
e2193,p62,p70,1
e2194,p62,p71,1
e2195,p62,p72,1
e2196,p62,p74,1
e2197,p62,p75,1
e2198,p62,p77,1
e2199,p62,p80,1
e2200,p62,p84,1
e2201,p62,p91,1
e2202,p62,p93,1
e2203,p62,p99,1
e2204,p62,t100,1
e2205,p62,t101,1
e2206,p62,t102,1
e2207,p62,t103,1
e2208,p62,t104,1
e2209,p63,p14,1
e2210,p63,p16,1
e2211,p63,p23,1
e2212,p63,p27,1
e2213,p63,p29,1
e2214,p63,p39,1
e2215,p63,p42,1
e2216,p63,p43,1
e2217,p63,p48,1
e2218,p63,p50,1
e2219,p63,p51,1
e2220,p63,p52,1
e2221,p63,p57,1
e2222,p63,p61,1
e2223,p63,p70,1
e2224,p63,p74,1
e2225,p63,p77,1
e2226,p63,p79,1
e2227,p63,p80,1
e2228,p63,p93,1
e2229,p63,p94,1
e2230,p63,p99,1
e2231,p63,t100,1
e2232,p63,t101,1
e2233,p63,t102,1
e2234,p63,t103,1
e2235,p63,t104,1
e2236,p64,p16,1
e2237,p64,p19,1
e2238,p64,p39,1
e2239,p64,p43,1
e2240,p64,p48,1
e2241,p64,p50,1
e2242,p64,p51,1
e2243,p64,p57,1
e2244,p64,p61,1
e2245,p64,p63,1
e2246,p64,p65,1
e2247,p64,p74,1
e2248,p64,p79,1
e2249,p64,p85,1
e2250,p64,p89,1
e2251,p64,p94,1
e2252,p64,p99,1
e2253,p64,t100,1
e2254,p64,t101,1
e2255,p64,t102,1
e2256,p64,t103,1
e2257,p64,t104,1
e2258,p65,p5,1
e2259,p65,p10,1
e2260,p65,p11,1
e2261,p65,p14,1
e2262,p65,p16,1
e2263,p65,p17,1
e2264,p65,p18,1
e2265,p65,p19,1
e2266,p65,p22,1
e2267,p65,p23,1
e2268,p65,p24,1
e2269,p65,p26,1
e2270,p65,p29,1
e2271,p65,p34,1
e2272,p65,p35,1
e2273,p65,p36,1
e2274,p65,p40,1
e2275,p65,p41,1
e2276,p65,p44,1
e2277,p65,p45,1
e2278,p65,p50,1
e2279,p65,p51,1
e2280,p65,p53,1
e2281,p65,p56,1
e2282,p65,p57,1
e2283,p65,p60,1
e2284,p65,p63,1
e2285,p65,p68,1
e2286,p65,p72,1
e2287,p65,p74,1
e2288,p65,p75,1
e2289,p65,p79,1
e2290,p65,p80,1
e2291,p65,p85,1
e2292,p65,p91,1
e2293,p65,p93,1
e2294,p65,p94,1
e2295,p65,p96,1
e2296,p65,p99,1
e2297,p65,t100,1
e2298,p65,t101,1
e2299,p65,t102,1
e2300,p65,t103,1
e2301,p65,t104,1
e2302,p66,p14,1
e2303,p66,p16,1
e2304,p66,p19,1
e2305,p66,p27,1
e2306,p66,p29,1
e2307,p66,p34,1
e2308,p66,p43,1
e2309,p66,p48,1
e2310,p66,p51,1
e2311,p66,p57,1
e2312,p66,p63,1
e2313,p66,p74,1
e2314,p66,p77,1
e2315,p66,p79,1
e2316,p66,p84,1
e2317,p66,p93,1
e2318,p66,p94,1
e2319,p66,t100,1
e2320,p66,t101,1
e2321,p66,t102,1
e2322,p66,t103,1
e2323,p66,t104,1
e2324,p67,p5,1
e2325,p67,p6,1
e2326,p67,p10,1
e2327,p67,p11,1
e2328,p67,p12,1
e2329,p67,p14,1
e2330,p67,p16,1
e2331,p67,p18,1
e2332,p67,p19,1
e2333,p67,p21,1
e2334,p67,p22,1
e2335,p67,p28,1
e2336,p67,p29,1
e2337,p67,p33,1
e2338,p67,p34,1
e2339,p67,p35,1
e2340,p67,p37,1
e2341,p67,p39,1
e2342,p67,p41,1
e2343,p67,p43,1
e2344,p67,p45,1
e2345,p67,p51,1
e2346,p67,p53,1
e2347,p67,p56,1
e2348,p67,p60,1
e2349,p67,p61,1
e2350,p67,p62,1
e2351,p67,p63,1
e2352,p67,p65,1
e2353,p67,p68,1
e2354,p67,p71,1
e2355,p67,p72,1
e2356,p67,p74,1
e2357,p67,p80,1
e2358,p67,p85,1
e2359,p67,p91,1
e2360,p67,p93,1
e2361,p67,p99,1
e2362,p67,t100,1
e2363,p67,t101,1
e2364,p67,t102,1
e2365,p67,t103,1
e2366,p67,t104,1
e2367,p68,p12,1
e2368,p68,p14,1
e2369,p68,p16,1
e2370,p68,p19,1
e2371,p68,p23,1
e2372,p68,p27,1
e2373,p68,p29,1
e2374,p68,p34,1
e2375,p68,p39,1
e2376,p68,p43,1
e2377,p68,p48,1
e2378,p68,p50,1
e2379,p68,p51,1
e2380,p68,p57,1
e2381,p68,p65,1
e2382,p68,p73,1
e2383,p68,p74,1
e2384,p68,p79,1
e2385,p68,p84,1
e2386,p68,p85,1
e2387,p68,p89,1
e2388,p68,p93,1
e2389,p68,p99,1
e2390,p68,t100,1
e2391,p68,t101,1
e2392,p68,t102,1
e2393,p68,t103,1
e2394,p68,t104,1
e2395,p69,p14,1
e2396,p69,p16,1
e2397,p69,p19,1
e2398,p69,p23,1
e2399,p69,p29,1
e2400,p69,p34,1
e2401,p69,p43,1
e2402,p69,p48,1
e2403,p69,p51,1
e2404,p69,p57,1
e2405,p69,p61,1
e2406,p69,p63,1
e2407,p69,p65,1
e2408,p69,p70,1
e2409,p69,p74,1
e2410,p69,p77,1
e2411,p69,p84,1
e2412,p69,p85,1
e2413,p69,p89,1
e2414,p69,p93,1
e2415,p69,p94,1
e2416,p69,t100,1
e2417,p69,t101,1
e2418,p69,t102,1
e2419,p69,t103,1
e2420,p69,t104,1
e2421,p70,p5,1
e2422,p70,p6,1
e2423,p70,p9,1
e2424,p70,p10,1
e2425,p70,p11,1
e2426,p70,p16,1
e2427,p70,p17,1
e2428,p70,p19,1
e2429,p70,p21,1
e2430,p70,p22,1
e2431,p70,p23,1
e2432,p70,p27,1
e2433,p70,p28,1
e2434,p70,p29,1
e2435,p70,p35,1
e2436,p70,p37,1
e2437,p70,p39,1
e2438,p70,p41,1
e2439,p70,p43,1
e2440,p70,p45,1
e2441,p70,p50,1
e2442,p70,p51,1
e2443,p70,p52,1
e2444,p70,p53,1
e2445,p70,p56,1
e2446,p70,p57,1
e2447,p70,p60,1
e2448,p70,p61,1
e2449,p70,p63,1
e2450,p70,p65,1
e2451,p70,p68,1
e2452,p70,p71,1
e2453,p70,p72,1
e2454,p70,p74,1
e2455,p70,p75,1
e2456,p70,p77,1
e2457,p70,p84,1
e2458,p70,p91,1
e2459,p70,p93,1
e2460,p70,p94,1
e2461,p70,p99,1
e2462,p70,t100,1
e2463,p70,t101,1
e2464,p70,t102,1
e2465,p70,t103,1
e2466,p70,t104,1
e2467,p71,p5,1
e2468,p71,p7,1
e2469,p71,p9,1
e2470,p71,p10,1
e2471,p71,p11,1
e2472,p71,p13,1
e2473,p71,p14,1
e2474,p71,p19,1
e2475,p71,p21,1
e2476,p71,p22,1
e2477,p71,p23,1
e2478,p71,p24,1
e2479,p71,p28,1
e2480,p71,p33,1
e2481,p71,p35,1
e2482,p71,p37,1
e2483,p71,p40,1
e2484,p71,p41,1
e2485,p71,p44,1
e2486,p71,p45,1
e2487,p71,p48,1
e2488,p71,p53,1
e2489,p71,p56,1
e2490,p71,p59,1
e2491,p71,p60,1
e2492,p71,p61,1
e2493,p71,p62,1
e2494,p71,p65,1
e2495,p71,p68,1
e2496,p71,p72,1
e2497,p71,p74,1
e2498,p71,p75,1
e2499,p71,p77,1
e2500,p71,p79,1
e2501,p71,p80,1
e2502,p71,p84,1
e2503,p71,p85,1
e2504,p71,p93,1
e2505,p71,p96,1
e2506,p71,t100,1
e2507,p71,t101,1
e2508,p71,t102,1
e2509,p71,t103,1
e2510,p71,t104,1
e2511,p72,p28,1
e2512,p72,p29,1
e2513,p72,p35,1
e2514,p72,p53,1
e2515,p72,p60,1
e2516,p72,t100,1
e2517,p72,t101,1
e2518,p72,t102,1
e2519,p72,t103,1
e2520,p72,t104,1
e2521,p73,p12,1
e2522,p73,p14,1
e2523,p73,p16,1
e2524,p73,p19,1
e2525,p73,p27,1
e2526,p73,p29,1
e2527,p73,p48,1
e2528,p73,p51,1
e2529,p73,p52,1
e2530,p73,p74,1
e2531,p73,p77,1
e2532,p73,p79,1
e2533,p73,p80,1
e2534,p73,p84,1
e2535,p73,p93,1
e2536,p73,p94,1
e2537,p73,p99,1
e2538,p73,t100,1
e2539,p73,t101,1
e2540,p73,t102,1
e2541,p73,t103,1
e2542,p73,t104,1
e2543,p74,p5,1
e2544,p74,p6,1
e2545,p74,p10,1
e2546,p74,p11,1
e2547,p74,p16,1
e2548,p74,p17,1
e2549,p74,p19,1
e2550,p74,p22,1
e2551,p74,p23,1
e2552,p74,p24,1
e2553,p74,p26,1
e2554,p74,p27,1
e2555,p74,p28,1
e2556,p74,p29,1
e2557,p74,p34,1
e2558,p74,p35,1
e2559,p74,p37,1
e2560,p74,p41,1
e2561,p74,p43,1
e2562,p74,p44,1
e2563,p74,p48,1
e2564,p74,p50,1
e2565,p74,p56,1
e2566,p74,p57,1
e2567,p74,p59,1
e2568,p74,p61,1
e2569,p74,p68,1
e2570,p74,p71,1
e2571,p74,p72,1
e2572,p74,p75,1
e2573,p74,p84,1
e2574,p74,p89,1
e2575,p74,p91,1
e2576,p74,p95,1
e2577,p74,t100,1
e2578,p74,t101,1
e2579,p74,t102,1
e2580,p74,t103,1
e2581,p74,t104,1
e2582,p75,p5,1
e2583,p75,p6,1
e2584,p75,p8,1
e2585,p75,p10,1
e2586,p75,p11,1
e2587,p75,p12,1
e2588,p75,p14,1
e2589,p75,p15,1
e2590,p75,p16,1
e2591,p75,p18,1
e2592,p75,p19,1
e2593,p75,p20,1
e2594,p75,p24,1
e2595,p75,p25,1
e2596,p75,p26,1
e2597,p75,p27,1
e2598,p75,p28,1
e2599,p75,p29,1
e2600,p75,p30,1
e2601,p75,p39,1
e2602,p75,p41,1
e2603,p75,p43,1
e2604,p75,p45,1
e2605,p75,p46,1
e2606,p75,p48,1
e2607,p75,p49,1
e2608,p75,p51,1
e2609,p75,p52,1
e2610,p75,p55,1
e2611,p75,p56,1
e2612,p75,p59,1
e2613,p75,p60,1
e2614,p75,p63,1
e2615,p75,p68,1
e2616,p75,p72,1
e2617,p75,p74,1
e2618,p75,p78,1
e2619,p75,p79,1
e2620,p75,p80,1
e2621,p75,p81,1
e2622,p75,p83,1
e2623,p75,p84,1
e2624,p75,p85,1
e2625,p75,p90,1
e2626,p75,p93,1
e2627,p75,p94,1
e2628,p75,p96,1
e2629,p75,p99,1
e2630,p75,t100,1
e2631,p75,t101,1
e2632,p75,t102,1
e2633,p75,t103,1
e2634,p75,t104,1
e2635,p76,p12,1
e2636,p76,p16,1
e2637,p76,p19,1
e2638,p76,p23,1
e2639,p76,p27,1
e2640,p76,p29,1
e2641,p76,p34,1
e2642,p76,p39,1
e2643,p76,p48,1
e2644,p76,p50,1
e2645,p76,p51,1
e2646,p76,p52,1
e2647,p76,p61,1
e2648,p76,p64,1
e2649,p76,p65,1
e2650,p76,p70,1
e2651,p76,p74,1
e2652,p76,p80,1
e2653,p76,p85,1
e2654,p76,p89,1
e2655,p76,p94,1
e2656,p76,t100,1
e2657,p76,t101,1
e2658,p76,t102,1
e2659,p76,t103,1
e2660,p76,t104,1
e2661,p77,p5,1
e2662,p77,p6,1
e2663,p77,p7,1
e2664,p77,p8,1
e2665,p77,p9,1
e2666,p77,p10,1
e2667,p77,p11,1
e2668,p77,p15,1
e2669,p77,p16,1
e2670,p77,p19,1
e2671,p77,p20,1
e2672,p77,p21,1
e2673,p77,p22,1
e2674,p77,p24,1
e2675,p77,p25,1
e2676,p77,p26,1
e2677,p77,p28,1
e2678,p77,p29,1
e2679,p77,p30,1
e2680,p77,p34,1
e2681,p77,p35,1
e2682,p77,p37,1
e2683,p77,p38,1
e2684,p77,p39,1
e2685,p77,p40,1
e2686,p77,p41,1
e2687,p77,p43,1
e2688,p77,p44,1
e2689,p77,p45,1
e2690,p77,p46,1
e2691,p77,p48,1
e2692,p77,p49,1
e2693,p77,p52,1
e2694,p77,p53,1
e2695,p77,p55,1
e2696,p77,p56,1
e2697,p77,p58,1
e2698,p77,p60,1
e2699,p77,p61,1
e2700,p77,p62,1
e2701,p77,p63,1
e2702,p77,p65,1
e2703,p77,p67,1
e2704,p77,p68,1
e2705,p77,p71,1
e2706,p77,p72,1
e2707,p77,p73,1
e2708,p77,p74,1
e2709,p77,p76,1
e2710,p77,p79,1
e2711,p77,p80,1
e2712,p77,p81,1
e2713,p77,p84,1
e2714,p77,p88,1
e2715,p77,p89,1
e2716,p77,p90,1
e2717,p77,p91,1
e2718,p77,p93,1
e2719,p77,p94,1
e2720,p77,p96,1
e2721,p77,p98,1
e2722,p77,p99,1
e2723,p77,t100,1
e2724,p77,t101,1
e2725,p77,t102,1
e2726,p77,t103,1
e2727,p77,t104,1
e2728,p78,p12,1
e2729,p78,p16,1
e2730,p78,p19,1
e2731,p78,p23,1
e2732,p78,p27,1
e2733,p78,p29,1
e2734,p78,p34,1
e2735,p78,p39,1
e2736,p78,p43,1
e2737,p78,p48,1
e2738,p78,p51,1
e2739,p78,p52,1
e2740,p78,p57,1
e2741,p78,p61,1
e2742,p78,p65,1
e2743,p78,p74,1
e2744,p78,p79,1
e2745,p78,p84,1
e2746,p78,p94,1
e2747,p78,p99,1
e2748,p78,t100,1
e2749,p78,t101,1
e2750,p78,t102,1
e2751,p78,t103,1
e2752,p78,t104,1
e2753,p79,p29,1
e2754,p79,p53,1
e2755,p79,p60,1
e2756,p79,t100,1
e2757,p79,t101,1
e2758,p79,t102,1
e2759,p79,t103,1
e2760,p79,t104,1
e2761,p80,p5,1
e2762,p80,p6,1
e2763,p80,p7,1
e2764,p80,p9,1
e2765,p80,p10,1
e2766,p80,p11,1
e2767,p80,p12,1
e2768,p80,p13,1
e2769,p80,p16,1
e2770,p80,p17,1
e2771,p80,p18,1
e2772,p80,p19,1
e2773,p80,p22,1
e2774,p80,p23,1
e2775,p80,p24,1
e2776,p80,p26,1
e2777,p80,p27,1
e2778,p80,p29,1
e2779,p80,p33,1
e2780,p80,p40,1
e2781,p80,p41,1
e2782,p80,p42,1
e2783,p80,p43,1
e2784,p80,p45,1
e2785,p80,p48,1
e2786,p80,p50,1
e2787,p80,p51,1
e2788,p80,p52,1
e2789,p80,p56,1
e2790,p80,p59,1
e2791,p80,p60,1
e2792,p80,p61,1
e2793,p80,p63,1
e2794,p80,p65,1
e2795,p80,p68,1
e2796,p80,p72,1
e2797,p80,p74,1
e2798,p80,p85,1
e2799,p80,p91,1
e2800,p80,p93,1
e2801,p80,p97,1
e2802,p80,t100,1
e2803,p80,t101,1
e2804,p80,t102,1
e2805,p80,t103,1
e2806,p80,t104,1
e2807,p81,p12,1
e2808,p81,p16,1
e2809,p81,p19,1
e2810,p81,p23,1
e2811,p81,p39,1
e2812,p81,p43,1
e2813,p81,p48,1
e2814,p81,p51,1
e2815,p81,p63,1
e2816,p81,p65,1
e2817,p81,p74,1
e2818,p81,p77,1
e2819,p81,p79,1
e2820,p81,p80,1
e2821,p81,p84,1
e2822,p81,p85,1
e2823,p81,p95,1
e2824,p81,p99,1
e2825,p81,t100,1
e2826,p81,t101,1
e2827,p81,t102,1
e2828,p81,t103,1
e2829,p81,t104,1
e2830,p82,p28,1
e2831,p82,p35,1
e2832,p82,p48,1
e2833,p82,p53,1
e2834,p82,t100,1
e2835,p82,t101,1
e2836,p82,t102,1
e2837,p82,t103,1
e2838,p82,t104,1
e2839,p83,p29,1
e2840,p83,p48,1
e2841,p83,p53,1
e2842,p83,t100,1
e2843,p83,t101,1
e2844,p83,t102,1
e2845,p83,t103,1
e2846,p83,t104,1
e2847,p84,p12,1
e2848,p84,p14,1
e2849,p84,p16,1
e2850,p84,p19,1
e2851,p84,p23,1
e2852,p84,p27,1
e2853,p84,p29,1
e2854,p84,p34,1
e2855,p84,p39,1
e2856,p84,p43,1
e2857,p84,p50,1
e2858,p84,p52,1
e2859,p84,p63,1
e2860,p84,p65,1
e2861,p84,p74,1
e2862,p84,p77,1
e2863,p84,p85,1
e2864,p84,p89,1
e2865,p84,p93,1
e2866,p84,p94,1
e2867,p84,t100,1
e2868,p84,t101,1
e2869,p84,t102,1
e2870,p84,t103,1
e2871,p84,t104,1
e2872,p85,p16,1
e2873,p85,p19,1
e2874,p85,p29,1
e2875,p85,p48,1
e2876,p85,p51,1
e2877,p85,p57,1
e2878,p85,p63,1
e2879,p85,p65,1
e2880,p85,p74,1
e2881,p85,p77,1
e2882,p85,p93,1
e2883,p85,t100,1
e2884,p85,t101,1
e2885,p85,t102,1
e2886,p85,t103,1
e2887,p85,t104,1
e2888,p86,p28,1
e2889,p86,p48,1
e2890,p86,p60,1
e2891,p86,t100,1
e2892,p86,t101,1
e2893,p86,t102,1
e2894,p86,t103,1
e2895,p86,t104,1
e2896,p87,p48,1
e2897,p87,t100,1
e2898,p87,t101,1
e2899,p87,t102,1
e2900,p87,t103,1
e2901,p87,t104,1
e2902,p88,p5,1
e2903,p88,p7,1
e2904,p88,p9,1
e2905,p88,p10,1
e2906,p88,p11,1
e2907,p88,p12,1
e2908,p88,p16,1
e2909,p88,p17,1
e2910,p88,p18,1
e2911,p88,p19,1
e2912,p88,p21,1
e2913,p88,p22,1
e2914,p88,p26,1
e2915,p88,p28,1
e2916,p88,p29,1
e2917,p88,p35,1
e2918,p88,p37,1
e2919,p88,p39,1
e2920,p88,p40,1
e2921,p88,p45,1
e2922,p88,p48,1
e2923,p88,p53,1
e2924,p88,p56,1
e2925,p88,p57,1
e2926,p88,p59,1
e2927,p88,p62,1
e2928,p88,p64,1
e2929,p88,p65,1
e2930,p88,p68,1
e2931,p88,p72,1
e2932,p88,p74,1
e2933,p88,p75,1
e2934,p88,p77,1
e2935,p88,p79,1
e2936,p88,p80,1
e2937,p88,p82,1
e2938,p88,p84,1
e2939,p88,p85,1
e2940,p88,p89,1
e2941,p88,p91,1
e2942,p88,p94,1
e2943,p88,p96,1
e2944,p88,p99,1
e2945,p88,t100,1
e2946,p88,t101,1
e2947,p88,t102,1
e2948,p88,t103,1
e2949,p88,t104,1
e2950,p89,p12,1
e2951,p89,p14,1
e2952,p89,p16,1
e2953,p89,p19,1
e2954,p89,p23,1
e2955,p89,p29,1
e2956,p89,p39,1
e2957,p89,p43,1
e2958,p89,p48,1
e2959,p89,p50,1
e2960,p89,p51,1
e2961,p89,p52,1
e2962,p89,p61,1
e2963,p89,p63,1
e2964,p89,p74,1
e2965,p89,p84,1
e2966,p89,p93,1
e2967,p89,p95,1
e2968,p89,t100,1
e2969,p89,t101,1
e2970,p89,t102,1
e2971,p89,t103,1
e2972,p89,t104,1
e2973,p90,p12,1
e2974,p90,p14,1
e2975,p90,p16,1
e2976,p90,p19,1
e2977,p90,p27,1
e2978,p90,p29,1
e2979,p90,p34,1
e2980,p90,p43,1
e2981,p90,p48,1
e2982,p90,p51,1
e2983,p90,p52,1
e2984,p90,p57,1
e2985,p90,p61,1
e2986,p90,p63,1
e2987,p90,p65,1
e2988,p90,p74,1
e2989,p90,p77,1
e2990,p90,p79,1
e2991,p90,p84,1
e2992,p90,p85,1
e2993,p90,p89,1
e2994,p90,p94,1
e2995,p90,p99,1
e2996,p90,t100,1
e2997,p90,t101,1
e2998,p90,t102,1
e2999,p90,t103,1
e3000,p90,t104,1
e3001,p91,p5,1
e3002,p91,p6,1
e3003,p91,p7,1
e3004,p91,p9,1
e3005,p91,p10,1
e3006,p91,p11,1
e3007,p91,p12,1
e3008,p91,p14,1
e3009,p91,p16,1
e3010,p91,p17,1
e3011,p91,p18,1
e3012,p91,p19,1
e3013,p91,p23,1
e3014,p91,p27,1
e3015,p91,p28,1
e3016,p91,p35,1
e3017,p91,p37,1
e3018,p91,p43,1
e3019,p91,p44,1
e3020,p91,p45,1
e3021,p91,p48,1
e3022,p91,p50,1
e3023,p91,p51,1
e3024,p91,p56,1
e3025,p91,p62,1
e3026,p91,p63,1
e3027,p91,p68,1
e3028,p91,p72,1
e3029,p91,p74,1
e3030,p91,p77,1
e3031,p91,p84,1
e3032,p91,p89,1
e3033,p91,p99,1
e3034,p91,t100,1
e3035,p91,t101,1
e3036,p91,t102,1
e3037,p91,t103,1
e3038,p91,t104,1
e3039,p92,p14,1
e3040,p92,p16,1
e3041,p92,p19,1
e3042,p92,p27,1
e3043,p92,p39,1
e3044,p92,p42,1
e3045,p92,p43,1
e3046,p92,p48,1
e3047,p92,p51,1
e3048,p92,p57,1
e3049,p92,p61,1
e3050,p92,p63,1
e3051,p92,p65,1
e3052,p92,p74,1
e3053,p92,p77,1
e3054,p92,p84,1
e3055,p92,p89,1
e3056,p92,p93,1
e3057,p92,p94,1
e3058,p92,p95,1
e3059,p92,p99,1
e3060,p92,t100,1
e3061,p92,t101,1
e3062,p92,t102,1
e3063,p92,t103,1
e3064,p92,t104,1
e3065,p93,p5,1
e3066,p93,p6,1
e3067,p93,p8,1
e3068,p93,p9,1
e3069,p93,p10,1
e3070,p93,p11,1
e3071,p93,p12,1
e3072,p93,p13,1
e3073,p93,p14,1
e3074,p93,p16,1
e3075,p93,p18,1
e3076,p93,p19,1
e3077,p93,p21,1
e3078,p93,p23,1
e3079,p93,p26,1
e3080,p93,p29,1
e3081,p93,p32,1
e3082,p93,p34,1
e3083,p93,p35,1
e3084,p93,p40,1
e3085,p93,p43,1
e3086,p93,p45,1
e3087,p93,p50,1
e3088,p93,p53,1
e3089,p93,p56,1
e3090,p93,p57,1
e3091,p93,p59,1
e3092,p93,p60,1
e3093,p93,p61,1
e3094,p93,p62,1
e3095,p93,p63,1
e3096,p93,p68,1
e3097,p93,p71,1
e3098,p93,p72,1
e3099,p93,p74,1
e3100,p93,p80,1
e3101,p93,p84,1
e3102,p93,p85,1
e3103,p93,p89,1
e3104,p93,p99,1
e3105,p93,t100,1
e3106,p93,t101,1
e3107,p93,t102,1
e3108,p93,t103,1
e3109,p93,t104,1
e3110,p94,p12,1
e3111,p94,p16,1
e3112,p94,p19,1
e3113,p94,p23,1
e3114,p94,p29,1
e3115,p94,p34,1
e3116,p94,p39,1
e3117,p94,p48,1
e3118,p94,p51,1
e3119,p94,p57,1
e3120,p94,p63,1
e3121,p94,p74,1
e3122,p94,p77,1
e3123,p94,p79,1
e3124,p94,p80,1
e3125,p94,p84,1
e3126,p94,p85,1
e3127,p94,p89,1
e3128,p94,p95,1
e3129,p94,t100,1
e3130,p94,t101,1
e3131,p94,t102,1
e3132,p94,t103,1
e3133,p94,t104,1
e3134,p95,p6,1
e3135,p95,p7,1
e3136,p95,p10,1
e3137,p95,p11,1
e3138,p95,p12,1
e3139,p95,p13,1
e3140,p95,p14,1
e3141,p95,p16,1
e3142,p95,p17,1
e3143,p95,p19,1
e3144,p95,p23,1
e3145,p95,p24,1
e3146,p95,p26,1
e3147,p95,p27,1
e3148,p95,p34,1
e3149,p95,p35,1
e3150,p95,p37,1
e3151,p95,p39,1
e3152,p95,p41,1
e3153,p95,p45,1
e3154,p95,p48,1
e3155,p95,p52,1
e3156,p95,p53,1
e3157,p95,p56,1
e3158,p95,p57,1
e3159,p95,p59,1
e3160,p95,p61,1
e3161,p95,p63,1
e3162,p95,p65,1
e3163,p95,p68,1
e3164,p95,p71,1
e3165,p95,p72,1
e3166,p95,p74,1
e3167,p95,p75,1
e3168,p95,p77,1
e3169,p95,p79,1
e3170,p95,p84,1
e3171,p95,p89,1
e3172,p95,p93,1
e3173,p95,p94,1
e3174,p95,p96,1
e3175,p95,p99,1
e3176,p95,t100,1
e3177,p95,t101,1
e3178,p95,t102,1
e3179,p95,t103,1
e3180,p95,t104,1
e3181,p96,p5,1
e3182,p96,p7,1
e3183,p96,p8,1
e3184,p96,p10,1
e3185,p96,p11,1
e3186,p96,p12,1
e3187,p96,p13,1
e3188,p96,p16,1
e3189,p96,p19,1
e3190,p96,p21,1
e3191,p96,p23,1
e3192,p96,p24,1
e3193,p96,p26,1
e3194,p96,p27,1
e3195,p96,p28,1
e3196,p96,p29,1
e3197,p96,p34,1
e3198,p96,p35,1
e3199,p96,p37,1
e3200,p96,p39,1
e3201,p96,p40,1
e3202,p96,p41,1
e3203,p96,p43,1
e3204,p96,p50,1
e3205,p96,p51,1
e3206,p96,p52,1
e3207,p96,p56,1
e3208,p96,p57,1
e3209,p96,p59,1
e3210,p96,p60,1
e3211,p96,p61,1
e3212,p96,p63,1
e3213,p96,p68,1
e3214,p96,p71,1
e3215,p96,p72,1
e3216,p96,p74,1
e3217,p96,p75,1
e3218,p96,p78,1
e3219,p96,p85,1
e3220,p96,p93,1
e3221,p96,p99,1
e3222,p96,t100,1
e3223,p96,t101,1
e3224,p96,t102,1
e3225,p96,t103,1
e3226,p96,t104,1
e3227,p97,p5,1
e3228,p97,p6,1
e3229,p97,p7,1
e3230,p97,p8,1
e3231,p97,p10,1
e3232,p97,p11,1
e3233,p97,p12,1
e3234,p97,p13,1
e3235,p97,p16,1
e3236,p97,p18,1
e3237,p97,p19,1
e3238,p97,p21,1
e3239,p97,p22,1
e3240,p97,p23,1
e3241,p97,p24,1
e3242,p97,p26,1
e3243,p97,p29,1
e3244,p97,p31,1
e3245,p97,p34,1
e3246,p97,p35,1
e3247,p97,p36,1
e3248,p97,p37,1
e3249,p97,p41,1
e3250,p97,p43,1
e3251,p97,p44,1
e3252,p97,p45,1
e3253,p97,p50,1
e3254,p97,p51,1
e3255,p97,p52,1
e3256,p97,p53,1
e3257,p97,p56,1
e3258,p97,p57,1
e3259,p97,p63,1
e3260,p97,p68,1
e3261,p97,p72,1
e3262,p97,p74,1
e3263,p97,p75,1
e3264,p97,p77,1
e3265,p97,p79,1
e3266,p97,p84,1
e3267,p97,p85,1
e3268,p97,p89,1
e3269,p97,p91,1
e3270,p97,p94,1
e3271,p97,p99,1
e3272,p97,t100,1
e3273,p97,t101,1
e3274,p97,t102,1
e3275,p97,t103,1
e3276,p97,t104,1
e3277,p98,p29,1
e3278,p98,p48,1
e3279,p98,t100,1
e3280,p98,t101,1
e3281,p98,t102,1
e3282,p98,t103,1
e3283,p98,t104,1
e3284,p99,p29,1
e3285,p99,p48,1
e3286,p99,t100,1
e3287,p99,t101,1
e3288,p99,t102,1
e3289,p99,t103,1
e3290,p99,t104,1
endEdges
